4000 0.0000071750
4001 0.0000069260
4002 0.0000065370
4003 0.0000065490
4004 0.0000064410
4005 0.0000066310
4006 0.0000065300
4007 0.0000070310
4008 0.0000066000
4009 0.0000065640
4010 0.0000065350
4011 0.0000066710
4012 0.0000064660
4013 0.0000068020
4014 0.0000066130
4015 0.0000067460
4016 0.0000063360
4017 0.0000068670
4018 0.0000063910
4019 0.0000062250
4020 0.0000061890
4021 0.0000064460
4022 0.0000084830
4023 0.0000075010
4024 0.0000073060
4025 0.0000071480
4026 0.0000069950
4027 0.0000069720
4028 0.0000072900
4029 0.0000070010
4030 0.0000066070
4031 0.0000067970
4032 0.0000066950
4033 0.0000067000
4034 0.0000062850
4035 0.0000066400
4036 0.0000063170
4037 0.0000062640
4038 0.0000062740
4039 0.0000063590
4040 0.0000062620
4041 0.0000062300
4042 0.0000063470
4043 0.0000064410
4044 0.0000065730
4045 0.0000062810
4046 0.0000062850
4047 0.0000061860
4048 0.0000066770
4049 0.0000062150
4050 0.0000063780
4051 0.0000063280
4052 0.0000062690
4053 0.0000063090
4054 0.0000062930
4055 0.0000062860
4056 0.0000062410
4057 0.0000063620
4058 0.0000065940
4059 0.0000066250
4060 0.0000063990
4061 0.0000065000
4062 0.0000062020
4063 0.0000061880
4064 0.0000063140
4065 0.0000062160
4066 0.0000062920
4067 0.0000062600
4068 0.0000065490
4069 0.0000063070
4070 0.0000064290
4071 0.0000062080
4072 0.0000063860
4073 0.0000063830
4074 0.0000063330
4075 0.0000063280
4076 0.0000063910
4077 0.0000063130
4078 0.0000065670
4079 0.0000063090
4080 0.0000064080
4081 0.0000063610
4082 0.0000081310
4083 0.0000073450
4084 0.0000071800
4085 0.0000070440
4086 0.0000076050
4087 0.0000070990
4088 0.0000070310
4089 0.0000070860
4090 0.0000069980
4091 0.0000069620
4092 0.0000066830
4093 0.0000064610
4094 0.0000065230
4095 0.0000063870
4096 0.0000216880
4097 0.0000078280
4098 0.0000076210
4099 0.0000070260
4100 0.0000067710
4101 0.0000068450
4102 0.0000068100
4103 0.0000066630
4104 0.0000066700
4105 0.0000067820
4106 0.0000067030
4107 0.0000068970
4108 0.0000068580
4109 0.0000070080
4110 0.0000069010
4111 0.0000067490
4112 0.0000067650
4113 0.0000067020
4114 0.0000068290
4115 0.0000067320
4116 0.0000068220
4117 0.0000066070
4118 0.0000065500
4119 0.0000069200
4120 0.0000069020
4121 0.0000065520
4122 0.0000065380
4123 0.0000065060
4124 0.0000068370
4125 0.0000066900
4126 0.0000066670
4127 0.0000067650
4128 0.0000065690
4129 0.0000066690
4130 0.0000068350
4131 0.0000069210
4132 0.0000066520
4133 0.0000068030
4134 0.0000067190
4135 0.0000065130
4136 0.0000065370
4137 0.0000066580
4138 0.0000065070
4139 0.0000067310
4140 0.0000071120
4141 0.0000068280
4142 0.0000067440
4143 0.0000067170
4144 0.0000066530
4145 0.0000066130
4146 0.0000068070
4147 0.0000067200
4148 0.0000066080
4149 0.0000066840
4150 0.0000066390
4151 0.0000066880
4152 0.0000068120
4153 0.0000066790
4154 0.0000066970
4155 0.0000070610
4156 0.0000068610
4157 0.0000065460
4158 0.0000066920
4159 0.0000065380
4160 0.0000065990
4161 0.0000067000
4162 0.0000069540
4163 0.0000066630
4164 0.0000065640
4165 0.0000066640
4166 0.0000070490
4167 0.0000066450
4168 0.0000069870
4169 0.0000070670
4170 0.0000067290
4171 0.0000068140
4172 0.0000069920
4173 0.0000068550
4174 0.0000066160
4175 0.0000067260
4176 0.0000067850
4177 0.0000066730
4178 0.0000066600
4179 0.0000067310
4180 0.0000068750
4181 0.0000068010
4182 0.0000066370
4183 0.0000066740
4184 0.0000067260
4185 0.0000068050
4186 0.0000067060
4187 0.0000069020
4188 0.0000070260
4189 0.0000068750
4190 0.0000066900
4191 0.0000066310
4192 0.0000067790
4193 0.0000067240
4194 0.0000066300
4195 0.0000066350
4196 0.0000067780
4197 0.0000066350
4198 0.0000066670
4199 0.0000067960
4200 0.0000066680
