1000 0.0000001640
1001 0.0000001470
1002 0.0000001800
1003 0.0000001670
1004 0.0000001880
1005 0.0000001780
1006 0.0000001690
1007 0.0000001670
1008 0.0000001630
1009 0.0000001750
1010 0.0000001570
1011 0.0000001600
1012 0.0000001570
1013 0.0000001620
1014 0.0000001620
1015 0.0000001610
1016 0.0000001320
1017 0.0000001610
1018 0.0000001530
1019 0.0000001690
1020 0.0000001480
1021 0.0000001340
1022 0.0000001270
1023 0.0000001540
1024 0.0000001740
1025 0.0000001540
1026 0.0000001560
1027 0.0000001510
1028 0.0000001400
1029 0.0000001580
1030 0.0000001480
1031 0.0000001450
1032 0.0000002640
1033 0.0000001490
1034 0.0000001530
1035 0.0000001370
1036 0.0000001630
1037 0.0000001270
1038 0.0000002340
1039 0.0000001780
1040 0.0000001380
1041 0.0000001370
1042 0.0000001980
1043 0.0000001520
1044 0.0000001540
1045 0.0000001280
1046 0.0000001480
1047 0.0000001250
1048 0.0000001530
1049 0.0000001500
1050 0.0000001460
1051 0.0000001500
1052 0.0000001610
1053 0.0000001410
1054 0.0000001760
1055 0.0000001720
1056 0.0000001670
1057 0.0000001860
1058 0.0000001620
1059 0.0000001630
1060 0.0000002550
1061 0.0000001770
1062 0.0000001870
1063 0.0000001810
1064 0.0000001680
1065 0.0000001540
1066 0.0000001700
1067 0.0000001600
1068 0.0000001370
1069 0.0000001410
1070 0.0000001560
1071 0.0000001290
1072 0.0000001410
1073 0.0000001930
1074 0.0000001430
1075 0.0000001550
1076 0.0000002000
1077 0.0000001550
1078 0.0000001550
1079 0.0000001430
1080 0.0000001460
1081 0.0000001430
1082 0.0000001600
1083 0.0000001390
1084 0.0000001630
1085 0.0000001520
1086 0.0000001360
1087 0.0000001390
1088 0.0000001360
1089 0.0000001780
1090 0.0000001360
1091 0.0000001810
1092 0.0000001730
1093 0.0000001630
1094 0.0000001560
1095 0.0000001640
1096 0.0000001300
1097 0.0000001460
1098 0.0000001740
1099 0.0000001380
1100 0.0000001570
1101 0.0000001510
1102 0.0000001500
1103 0.0000001640
1104 0.0000001220
1105 0.0000001630
1106 0.0000001480
1107 0.0000001200
1108 0.0000001360
1109 0.0000001470
1110 0.0000001430
1111 0.0000001380
1112 0.0000001460
1113 0.0000001230
1114 0.0000001440
1115 0.0000001500
1116 0.0000001480
1117 0.0000001420
1118 0.0000001290
1119 0.0000001560
1120 0.0000001440
1121 0.0000001580
1122 0.0000001590
1123 0.0000001540
1124 0.0000001300
1125 0.0000001400
1126 0.0000001300
1127 0.0000001430
1128 0.0000001470
1129 0.0000001580
1130 0.0000001450
1131 0.0000001380
1132 0.0000001620
1133 0.0000001360
1134 0.0000001660
1135 0.0000001410
1136 0.0000001590
1137 0.0000001440
1138 0.0000001480
1139 0.0000001670
1140 0.0000001590
1141 0.0000001410
1142 0.0000001590
1143 0.0000001550
1144 0.0000001420
1145 0.0000002090
1146 0.0000001910
1147 0.0000001420
1148 0.0000001590
1149 0.0000001430
1150 0.0000001410
1151 0.0000001430
1152 0.0000001490
1153 0.0000001390
1154 0.0000001520
1155 0.0000001430
1156 0.0000001560
1157 0.0000001640
1158 0.0000001430
1159 0.0000001560
1160 0.0000001330
1161 0.0000001740
1162 0.0000001410
1163 0.0000001270
1164 0.0000001510
1165 0.0000001700
1166 0.0000001390
1167 0.0000001520
1168 0.0000001420
1169 0.0000001580
1170 0.0000001430
1171 0.0000001440
1172 0.0000001380
1173 0.0000001440
1174 0.0000001540
1175 0.0000001650
1176 0.0000001250
1177 0.0000001390
1178 0.0000001540
1179 0.0000001330
1180 0.0000001470
1181 0.0000001060
1182 0.0000001390
1183 0.0000001730
1184 0.0000001270
1185 0.0000001530
1186 0.0000001320
1187 0.0000001740
1188 0.0000001520
1189 0.0000001680
1190 0.0000001460
1191 0.0000001700
1192 0.0000001410
1193 0.0000001250
1194 0.0000001970
1195 0.0000001470
1196 0.0000001690
1197 0.0000002610
1198 0.0000001640
1199 0.0000001330
1200 0.0000001490
1201 0.0000001380
1202 0.0000001360
1203 0.0000001570
1204 0.0000001470
1205 0.0000001470
1206 0.0000001320
1207 0.0000001970
1208 0.0000001440
1209 0.0000002340
1210 0.0000001030
1211 0.0000001700
1212 0.0000001600
1213 0.0000001400
1214 0.0000001480
1215 0.0000001690
1216 0.0000001640
1217 0.0000001510
1218 0.0000001700
1219 0.0000001870
1220 0.0000001430
1221 0.0000001490
1222 0.0000001480
1223 0.0000001610
1224 0.0000001720
1225 0.0000001690
1226 0.0000002130
1227 0.0000001470
1228 0.0000001430
1229 0.0000001420
1230 0.0000001620
1231 0.0000001650
1232 0.0000001450
1233 0.0000002780
1234 0.0000001690
1235 0.0000004650
1236 0.0000001580
1237 0.0000001650
1238 0.0000001400
1239 0.0000001690
1240 0.0000001610
1241 0.0000001450
1242 0.0000001490
1243 0.0000001490
1244 0.0000002050
1245 0.0000001540
1246 0.0000001640
1247 0.0000001240
1248 0.0000001470
1249 0.0000001360
1250 0.0000001470
1251 0.0000001650
1252 0.0000001480
1253 0.0000001220
1254 0.0000001710
1255 0.0000001400
1256 0.0000002500
1257 0.0000001470
1258 0.0000001540
1259 0.0000001560
1260 0.0000001350
1261 0.0000001700
1262 0.0000001450
1263 0.0000001370
1264 0.0000001410
1265 0.0000001390
1266 0.0000001420
1267 0.0000001340
1268 0.0000001360
1269 0.0000001540
1270 0.0000001420
1271 0.0000001570
1272 0.0000002060
1273 0.0000001710
1274 0.0000001420
1275 0.0000001400
1276 0.0000001320
1277 0.0000001570
1278 0.0000001610
1279 0.0000001570
1280 0.0000002100
1281 0.0000001680
1282 0.0000001320
1283 0.0000001670
1284 0.0000001530
1285 0.0000001590
1286 0.0000001400
1287 0.0000001230
1288 0.0000001330
1289 0.0000001760
1290 0.0000001390
1291 0.0000001670
1292 0.0000001200
1293 0.0000001490
1294 0.0000001450
1295 0.0000001230
1296 0.0000001340
1297 0.0000001410
1298 0.0000001470
1299 0.0000001260
1300 0.0000001370
1301 0.0000001430
1302 0.0000001570
1303 0.0000001580
1304 0.0000001330
1305 0.0000001580
1306 0.0000001190
1307 0.0000001590
1308 0.0000001550
1309 0.0000001720
1310 0.0000001340
1311 0.0000001580
1312 0.0000001390
1313 0.0000001430
1314 0.0000001520
1315 0.0000001660
1316 0.0000001540
1317 0.0000001470
1318 0.0000001560
1319 0.0000001590
1320 0.0000001680
1321 0.0000001350
1322 0.0000002930
1323 0.0000001730
1324 0.0000001530
1325 0.0000001490
1326 0.0000001600
1327 0.0000001440
1328 0.0000001550
1329 0.0000001720
1330 0.0000001620
1331 0.0000001720
1332 0.0000001690
1333 0.0000001460
1334 0.0000001400
1335 0.0000002590
1336 0.0000001730
1337 0.0000001480
1338 0.0000001760
1339 0.0000001830
1340 0.0000001450
1341 0.0000001480
1342 0.0000001390
1343 0.0000001640
1344 0.0000001420
1345 0.0000001570
1346 0.0000001400
1347 0.0000001510
1348 0.0000001390
1349 0.0000001410
1350 0.0000001420
1351 0.0000001330
1352 0.0000001470
1353 0.0000001400
1354 0.0000001400
1355 0.0000001430
1356 0.0000001600
1357 0.0000001570
1358 0.0000001480
1359 0.0000001460
1360 0.0000001600
1361 0.0000001650
1362 0.0000001650
1363 0.0000001550
1364 0.0000001470
1365 0.0000001340
1366 0.0000001640
1367 0.0000001590
1368 0.0000001350
1369 0.0000001480
1370 0.0000001400
1371 0.0000001390
1372 0.0000001570
1373 0.0000001510
1374 0.0000001590
1375 0.0000001440
1376 0.0000001280
1377 0.0000001690
1378 0.0000001370
1379 0.0000001300
1380 0.0000001540
1381 0.0000001680
1382 0.0000001420
1383 0.0000001380
1384 0.0000001340
1385 0.0000001360
1386 0.0000001710
1387 0.0000001580
1388 0.0000001380
1389 0.0000001310
1390 0.0000001690
1391 0.0000001550
1392 0.0000001590
1393 0.0000001400
1394 0.0000001380
1395 0.0000001460
1396 0.0000001500
1397 0.0000001730
1398 0.0000001440
1399 0.0000001570
1400 0.0000001700
1401 0.0000001510
1402 0.0000001490
1403 0.0000001420
1404 0.0000001830
1405 0.0000001640
1406 0.0000003140
1407 0.0000001350
1408 0.0000001500
1409 0.0000001380
1410 0.0000001480
1411 0.0000001460
1412 0.0000001510
1413 0.0000001410
1414 0.0000001500
1415 0.0000001600
1416 0.0000001520
1417 0.0000001560
1418 0.0000001460
1419 0.0000001350
1420 0.0000002220
1421 0.0000001420
1422 0.0000001740
1423 0.0000001420
1424 0.0000001400
1425 0.0000001570
1426 0.0000001480
1427 0.0000001600
1428 0.0000001590
1429 0.0000001420
1430 0.0000001550
1431 0.0000001530
1432 0.0000001550
1433 0.0000001320
1434 0.0000001450
1435 0.0000001620
1436 0.0000001530
1437 0.0000001430
1438 0.0000001500
1439 0.0000001310
1440 0.0000001740
1441 0.0000001600
1442 0.0000001350
1443 0.0000001560
1444 0.0000001890
1445 0.0000001510
1446 0.0000001990
1447 0.0000001370
1448 0.0000001500
1449 0.0000002460
1450 0.0000001570
1451 0.0000001600
1452 0.0000001820
1453 0.0000001390
1454 0.0000001370
1455 0.0000001410
1456 0.0000001800
1457 0.0000005920
1458 0.0000001630
1459 0.0000001650
1460 0.0000001190
1461 0.0000001580
1462 0.0000001360
1463 0.0000001530
1464 0.0000001420
1465 0.0000001460
1466 0.0000001450
1467 0.0000001650
1468 0.0000001670
1469 0.0000001650
1470 0.0000001660
1471 0.0000001200
1472 0.0000001420
1473 0.0000001530
1474 0.0000001290
1475 0.0000001490
1476 0.0000001580
1477 0.0000002140
1478 0.0000001670
1479 0.0000001680
1480 0.0000001400
1481 0.0000001430
1482 0.0000001560
1483 0.0000001420
1484 0.0000002210
1485 0.0000001700
1486 0.0000001440
1487 0.0000001630
1488 0.0000001310
1489 0.0000001400
1490 0.0000001680
1491 0.0000001250
1492 0.0000001620
1493 0.0000002320
1494 0.0000001730
1495 0.0000001200
1496 0.0000001920
1497 0.0000002140
1498 0.0000001590
1499 0.0000001350
1500 0.0000001390
1501 0.0000001510
1502 0.0000001600
1503 0.0000001430
1504 0.0000001590
1505 0.0000001670
1506 0.0000001800
1507 0.0000001710
1508 0.0000003260
1509 0.0000001740
1510 0.0000001510
1511 0.0000001500
1512 0.0000001760
1513 0.0000001400
1514 0.0000001400
1515 0.0000001470
1516 0.0000001530
1517 0.0000001640
1518 0.0000001460
1519 0.0000001420
1520 0.0000001720
1521 0.0000001730
1522 0.0000001800
1523 0.0000001770
1524 0.0000002690
1525 0.0000001280
1526 0.0000001490
1527 0.0000001780
1528 0.0000001650
1529 0.0000001600
1530 0.0000001580
1531 0.0000001820
1532 0.0000001650
1533 0.0000001610
1534 0.0000001400
1535 0.0000001430
1536 0.0000001430
1537 0.0000001570
1538 0.0000001460
1539 0.0000001430
1540 0.0000001570
1541 0.0000001390
1542 0.0000001510
1543 0.0000001450
1544 0.0000001560
1545 0.0000001440
1546 0.0000001580
1547 0.0000001330
1548 0.0000001480
1549 0.0000001350
1550 0.0000002130
1551 0.0000001520
1552 0.0000001390
1553 0.0000001600
1554 0.0000001520
1555 0.0000001510
1556 0.0000001370
1557 0.0000002400
1558 0.0000001670
1559 0.0000001400
1560 0.0000001970
1561 0.0000001700
1562 0.0000001430
1563 0.0000001550
1564 0.0000001430
1565 0.0000001930
1566 0.0000001430
1567 0.0000002590
1568 0.0000001610
1569 0.0000001760
1570 0.0000001680
1571 0.0000001440
1572 0.0000001700
1573 0.0000001830
1574 0.0000001550
1575 0.0000001870
1576 0.0000001480
1577 0.0000001640
1578 0.0000001350
1579 0.0000001550
1580 0.0000001740
1581 0.0000001710
1582 0.0000001110
1583 0.0000001390
1584 0.0000001320
1585 0.0000001520
1586 0.0000002030
1587 0.0000001600
1588 0.0000001570
1589 0.0000002030
1590 0.0000001390
1591 0.0000001650
1592 0.0000001570
1593 0.0000001930
1594 0.0000001680
1595 0.0000001490
1596 0.0000001520
1597 0.0000001690
1598 0.0000001460
1599 0.0000001490
1600 0.0000001790
1601 0.0000001920
1602 0.0000001350
1603 0.0000001680
1604 0.0000001670
1605 0.0000001670
1606 0.0000001460
1607 0.0000001860
1608 0.0000001660
1609 0.0000001540
1610 0.0000001590
1611 0.0000001410
1612 0.0000001520
1613 0.0000001390
1614 0.0000001810
1615 0.0000002280
1616 0.0000001540
1617 0.0000001560
1618 0.0000001470
1619 0.0000001600
1620 0.0000001460
1621 0.0000001820
1622 0.0000001410
1623 0.0000001990
1624 0.0000002020
1625 0.0000001340
1626 0.0000001690
1627 0.0000001670
1628 0.0000001430
1629 0.0000001440
1630 0.0000001720
1631 0.0000001540
1632 0.0000001600
1633 0.0000001480
1634 0.0000001720
1635 0.0000001430
1636 0.0000001650
1637 0.0000001400
1638 0.0000001730
1639 0.0000001400
1640 0.0000001640
1641 0.0000001350
1642 0.0000001700
1643 0.0000002020
1644 0.0000001630
1645 0.0000001550
1646 0.0000001380
1647 0.0000001560
1648 0.0000001450
1649 0.0000001660
1650 0.0000002800
1651 0.0000001410
1652 0.0000001530
1653 0.0000001380
1654 0.0000001660
1655 0.0000001520
1656 0.0000001610
1657 0.0000001770
1658 0.0000001450
1659 0.0000001700
1660 0.0000001510
1661 0.0000001680
1662 0.0000001590
1663 0.0000001740
1664 0.0000001440
1665 0.0000001660
1666 0.0000001460
1667 0.0000001640
1668 0.0000002020
1669 0.0000001810
1670 0.0000001530
1671 0.0000001480
1672 0.0000001530
1673 0.0000001630
1674 0.0000001790
1675 0.0000001480
1676 0.0000001670
1677 0.0000001660
1678 0.0000001470
1679 0.0000001510
1680 0.0000001600
1681 0.0000001540
1682 0.0000001460
1683 0.0000001760
1684 0.0000001450
1685 0.0000001530
1686 0.0000001650
1687 0.0000001450
1688 0.0000001520
1689 0.0000001420
1690 0.0000001550
1691 0.0000001340
1692 0.0000001750
1693 0.0000001510
1694 0.0000001560
1695 0.0000001510
1696 0.0000001820
1697 0.0000002530
1698 0.0000001660
1699 0.0000001630
1700 0.0000001920
1701 0.0000001440
1702 0.0000001750
1703 0.0000001500
1704 0.0000001690
1705 0.0000001440
1706 0.0000001350
1707 0.0000001530
1708 0.0000001490
1709 0.0000001500
1710 0.0000001790
1711 0.0000002350
1712 0.0000001340
1713 0.0000001630
1714 0.0000001830
1715 0.0000001550
1716 0.0000001510
1717 0.0000001370
1718 0.0000001600
1719 0.0000001990
1720 0.0000001480
1721 0.0000001430
1722 0.0000001700
1723 0.0000001530
1724 0.0000001640
1725 0.0000001610
1726 0.0000001600
1727 0.0000001730
1728 0.0000002440
1729 0.0000001530
1730 0.0000001280
1731 0.0000001590
1732 0.0000001560
1733 0.0000001440
1734 0.0000001400
1735 0.0000001400
1736 0.0000001840
1737 0.0000001530
1738 0.0000001260
1739 0.0000001590
1740 0.0000001650
1741 0.0000001420
1742 0.0000001570
1743 0.0000002190
1744 0.0000001460
1745 0.0000001550
1746 0.0000001580
1747 0.0000001640
1748 0.0000001930
1749 0.0000001620
1750 0.0000001500
1751 0.0000001630
1752 0.0000002290
1753 0.0000001460
1754 0.0000001510
1755 0.0000001560
1756 0.0000002480
1757 0.0000001520
1758 0.0000002720
1759 0.0000001600
1760 0.0000002670
1761 0.0000001800
1762 0.0000001510
1763 0.0000001560
1764 0.0000001640
1765 0.0000004380
1766 0.0000002000
1767 0.0000001540
1768 0.0000003090
1769 0.0000001930
1770 0.0000001550
1771 0.0000001670
1772 0.0000001670
1773 0.0000001560
1774 0.0000001780
1775 0.0000001750
1776 0.0000001630
1777 0.0000001410
1778 0.0000001720
1779 0.0000001740
1780 0.0000001640
1781 0.0000001520
1782 0.0000001620
1783 0.0000001510
1784 0.0000001650
1785 0.0000001620
1786 0.0000001650
1787 0.0000001720
1788 0.0000001800
1789 0.0000001560
1790 0.0000001630
1791 0.0000001350
1792 0.0000001770
1793 0.0000001650
1794 0.0000001530
1795 0.0000001490
1796 0.0000001590
1797 0.0000001670
1798 0.0000001680
1799 0.0000001700
1800 0.0000001790
1801 0.0000001470
1802 0.0000001850
1803 0.0000001890
1804 0.0000001220
1805 0.0000001520
1806 0.0000001520
1807 0.0000001550
1808 0.0000001460
1809 0.0000002670
1810 0.0000001810
1811 0.0000001590
1812 0.0000001540
1813 0.0000001570
1814 0.0000001800
1815 0.0000001770
1816 0.0000001850
1817 0.0000002470
1818 0.0000001630
1819 0.0000001630
1820 0.0000001600
1821 0.0000001650
1822 0.0000003240
1823 0.0000001400
1824 0.0000001440
1825 0.0000001590
1826 0.0000001530
1827 0.0000001460
1828 0.0000001820
1829 0.0000001560
1830 0.0000001440
1831 0.0000001450
1832 0.0000001480
1833 0.0000001500
1834 0.0000001570
1835 0.0000001350
1836 0.0000001420
1837 0.0000001580
1838 0.0000002830
1839 0.0000001520
1840 0.0000002360
1841 0.0000002470
1842 0.0000002400
1843 0.0000002540
1844 0.0000002350
1845 0.0000002510
1846 0.0000002540
1847 0.0000002520
1848 0.0000002480
1849 0.0000002470
1850 0.0000002460
1851 0.0000002400
1852 0.0000002360
1853 0.0000002560
1854 0.0000002250
1855 0.0000002160
1856 0.0000002770
1857 0.0000002200
1858 0.0000003040
1859 0.0000001870
1860 0.0000002490
1861 0.0000002400
1862 0.0000002480
1863 0.0000002580
1864 0.0000002400
1865 0.0000002430
1866 0.0000002430
1867 0.0000002500
1868 0.0000002440
1869 0.0000002400
1870 0.0000002620
1871 0.0000002420
1872 0.0000002410
1873 0.0000002630
1874 0.0000002450
1875 0.0000002560
1876 0.0000002350
1877 0.0000002490
1878 0.0000002360
1879 0.0000002460
1880 0.0000002980
1881 0.0000002750
1882 0.0000002420
1883 0.0000002650
1884 0.0000002440
1885 0.0000002400
1886 0.0000002360
1887 0.0000001840
1888 0.0000003840
1889 0.0000002490
1890 0.0000002580
1891 0.0000002570
1892 0.0000002850
1893 0.0000002330
1894 0.0000002490
1895 0.0000002820
1896 0.0000002490
1897 0.0000002410
1898 0.0000002430
1899 0.0000002380
1900 0.0000002490
1901 0.0000002550
1902 0.0000002360
1903 0.0000003010
1904 0.0000002880
1905 0.0000002490
1906 0.0000002370
1907 0.0000002340
1908 0.0000002430
1909 0.0000002390
1910 0.0000002540
1911 0.0000002980
1912 0.0000002480
1913 0.0000002380
1914 0.0000003140
1915 0.0000002570
1916 0.0000002480
1917 0.0000002630
1918 0.0000003010
1919 0.0000002480
1920 0.0000002620
1921 0.0000002570
1922 0.0000002470
1923 0.0000002410
1924 0.0000002450
1925 0.0000002590
1926 0.0000002740
1927 0.0000002330
1928 0.0000002270
1929 0.0000002440
1930 0.0000002480
1931 0.0000002420
1932 0.0000002550
1933 0.0000001910
1934 0.0000001480
1935 0.0000002400
1936 0.0000002470
1937 0.0000003120
1938 0.0000002660
1939 0.0000002620
1940 0.0000002630
1941 0.0000002400
1942 0.0000002470
1943 0.0000002470
1944 0.0000004800
1945 0.0000002570
1946 0.0000003150
1947 0.0000002440
1948 0.0000002540
1949 0.0000001830
1950 0.0000002820
1951 0.0000002410
1952 0.0000002460
1953 0.0000002710
1954 0.0000002340
1955 0.0000002280
1956 0.0000002520
1957 0.0000002480
1958 0.0000002510
1959 0.0000002410
1960 0.0000002340
1961 0.0000002250
1962 0.0000002520
1963 0.0000002660
1964 0.0000002440
1965 0.0000002700
1966 0.0000002600
1967 0.0000002480
1968 0.0000002490
1969 0.0000002440
1970 0.0000002490
1971 0.0000002390
1972 0.0000002510
1973 0.0000002520
1974 0.0000002520
1975 0.0000002630
1976 0.0000002790
1977 0.0000002550
1978 0.0000002420
1979 0.0000002350
1980 0.0000002550
1981 0.0000002540
1982 0.0000002780
1983 0.0000002650
1984 0.0000002550
1985 0.0000003440
1986 0.0000002380
1987 0.0000002530
1988 0.0000002620
1989 0.0000002550
1990 0.0000002510
1991 0.0000002410
1992 0.0000002600
1993 0.0000002520
1994 0.0000002340
1995 0.0000002470
1996 0.0000002300
1997 0.0000002800
1998 0.0000002360
1999 0.0000002520
2000 0.0000002490
2001 0.0000002470
2002 0.0000002660
2003 0.0000002520
2004 0.0000002850
2005 0.0000002750
2006 0.0000002580
2007 0.0000002620
2008 0.0000002570
2009 0.0000002910
2010 0.0000002440
2011 0.0000002430
2012 0.0000002560
2013 0.0000002590
2014 0.0000002710
2015 0.0000002400
2016 0.0000002930
2017 0.0000002550
2018 0.0000002560
2019 0.0000002580
2020 0.0000002540
2021 0.0000002600
2022 0.0000002820
2023 0.0000002480
2024 0.0000002650
2025 0.0000002480
2026 0.0000002410
2027 0.0000003110
2028 0.0000002450
2029 0.0000002510
2030 0.0000002520
2031 0.0000002430
2032 0.0000002590
2033 0.0000002450
2034 0.0000002560
2035 0.0000002470
2036 0.0000002440
2037 0.0000002340
2038 0.0000002510
2039 0.0000002340
2040 0.0000002330
2041 0.0000002530
2042 0.0000002850
2043 0.0000002580
2044 0.0000002240
2045 0.0000001720
2046 0.0000003020
2047 0.0000003470
2048 0.0000002940
2049 0.0000002190
2050 0.0000002770
2051 0.0000002530
2052 0.0000002540
2053 0.0000002590
2054 0.0000002590
2055 0.0000002570
2056 0.0000002520
2057 0.0000002590
2058 0.0000002780
2059 0.0000002480
2060 0.0000002550
2061 0.0000002520
2062 0.0000002610
2063 0.0000002610
2064 0.0000002470
2065 0.0000002710
2066 0.0000002420
2067 0.0000002530
2068 0.0000002490
2069 0.0000002640
2070 0.0000007110
2071 0.0000002510
2072 0.0000002440
2073 0.0000002580
2074 0.0000002520
2075 0.0000002730
2076 0.0000002520
2077 0.0000002830
2078 0.0000002520
2079 0.0000002640
2080 0.0000002450
2081 0.0000002500
2082 0.0000003100
2083 0.0000002580
2084 0.0000002600
2085 0.0000006950
2086 0.0000002490
2087 0.0000002440
2088 0.0000002360
2089 0.0000001970
2090 0.0000001600
2091 0.0000001560
2092 0.0000001520
2093 0.0000001980
2094 0.0000002240
2095 0.0000001560
2096 0.0000002250
2097 0.0000001550
2098 0.0000002920
2099 0.0000002770
2100 0.0000003360
2101 0.0000003320
2102 0.0000002500
2103 0.0000002680
2104 0.0000002680
2105 0.0000004450
2106 0.0000002900
2107 0.0000002630
2108 0.0000002440
2109 0.0000002480
2110 0.0000002540
2111 0.0000002620
2112 0.0000002850
2113 0.0000002450
2114 0.0000002620
2115 0.0000002690
2116 0.0000002600
2117 0.0000002470
2118 0.0000002510
2119 0.0000002660
2120 0.0000002510
2121 0.0000002440
2122 0.0000002640
2123 0.0000002420
2124 0.0000001310
2125 0.0000001540
2126 0.0000002150
2127 0.0000001620
2128 0.0000001840
2129 0.0000001500
2130 0.0000001580
2131 0.0000001890
2132 0.0000001780
2133 0.0000001630
2134 0.0000001420
2135 0.0000001770
2136 0.0000001780
2137 0.0000002020
2138 0.0000002360
2139 0.0000002680
2140 0.0000002460
2141 0.0000002270
2142 0.0000002700
2143 0.0000002520
2144 0.0000002690
2145 0.0000002360
2146 0.0000002630
2147 0.0000002660
2148 0.0000002570
2149 0.0000002620
2150 0.0000002410
2151 0.0000001840
2152 0.0000001460
2153 0.0000001320
2154 0.0000001590
2155 0.0000001910
2156 0.0000002470
2157 0.0000003230
2158 0.0000002770
2159 0.0000002570
2160 0.0000001850
2161 0.0000001770
2162 0.0000001770
2163 0.0000001730
2164 0.0000001940
2165 0.0000001760
2166 0.0000001880
2167 0.0000001890
2168 0.0000002820
2169 0.0000002660
2170 0.0000002440
2171 0.0000002730
2172 0.0000002570
2173 0.0000002490
2174 0.0000001690
2175 0.0000002180
2176 0.0000001720
2177 0.0000001720
2178 0.0000001580
2179 0.0000002440
2180 0.0000002800
2181 0.0000002940
2182 0.0000002720
2183 0.0000002830
2184 0.0000003120
2185 0.0000007180
2186 0.0000002730
2187 0.0000002720
2188 0.0000003060
2189 0.0000002380
2190 0.0000002620
2191 0.0000002570
2192 0.0000002400
2193 0.0000002650
2194 0.0000003000
2195 0.0000002690
2196 0.0000002740
2197 0.0000002560
2198 0.0000002570
2199 0.0000002540
2200 0.0000002650
2201 0.0000002620
2202 0.0000002930
2203 0.0000002610
2204 0.0000002330
2205 0.0000003010
2206 0.0000002700
2207 0.0000002560
2208 0.0000002800
2209 0.0000002560
2210 0.0000002690
2211 0.0000002940
2212 0.0000002580
2213 0.0000002700
2214 0.0000002560
2215 0.0000002600
2216 0.0000002520
2217 0.0000002620
2218 0.0000009460
2219 0.0000001710
2220 0.0000002550
2221 0.0000002660
2222 0.0000002740
2223 0.0000002580
2224 0.0000002630
2225 0.0000002510
2226 0.0000002470
2227 0.0000002570
2228 0.0000002490
2229 0.0000002790
2230 0.0000002490
2231 0.0000002620
2232 0.0000002420
2233 0.0000002880
2234 0.0000002910
2235 0.0000002700
2236 0.0000003670
2237 0.0000002710
2238 0.0000002900
2239 0.0000003760
2240 0.0000002500
2241 0.0000002570
2242 0.0000003290
2243 0.0000002620
2244 0.0000003330
2245 0.0000002710
2246 0.0000002620
2247 0.0000001710
2248 0.0000001980
2249 0.0000002810
2250 0.0000002760
2251 0.0000002590
2252 0.0000002760
2253 0.0000002650
2254 0.0000002720
2255 0.0000002600
2256 0.0000002900
2257 0.0000002530
2258 0.0000002610
2259 0.0000002640
2260 0.0000002630
2261 0.0000002650
2262 0.0000002590
2263 0.0000003050
2264 0.0000004050
2265 0.0000002520
2266 0.0000002820
2267 0.0000002540
2268 0.0000003350
2269 0.0000013720
2270 0.0000003250
2271 0.0000002240
2272 0.0000001960
2273 0.0000002710
2274 0.0000002480
2275 0.0000005480
2276 0.0000002790
2277 0.0000002560
2278 0.0000002790
2279 0.0000002670
2280 0.0000002660
2281 0.0000002500
2282 0.0000002620
2283 0.0000002460
2284 0.0000002650
2285 0.0000002840
2286 0.0000002610
2287 0.0000002530
2288 0.0000001690
2289 0.0000001850
2290 0.0000002740
2291 0.0000002610
2292 0.0000002730
2293 0.0000002560
2294 0.0000002610
2295 0.0000003070
2296 0.0000002800
2297 0.0000002670
2298 0.0000002530
2299 0.0000002580
2300 0.0000002690
2301 0.0000002720
2302 0.0000002680
2303 0.0000002660
2304 0.0000002570
2305 0.0000003760
2306 0.0000001440
2307 0.0000001870
2308 0.0000001780
2309 0.0000002490
2310 0.0000001910
2311 0.0000001870
2312 0.0000002520
2313 0.0000001750
2314 0.0000001810
2315 0.0000001580
2316 0.0000002390
2317 0.0000001650
2318 0.0000001500
2319 0.0000001560
2320 0.0000001640
2321 0.0000001640
2322 0.0000001620
2323 0.0000001550
2324 0.0000001660
2325 0.0000001730
2326 0.0000001770
2327 0.0000003000
2328 0.0000002260
2329 0.0000002790
2330 0.0000002580
2331 0.0000002880
2332 0.0000003130
2333 0.0000002640
2334 0.0000002660
2335 0.0000003000
2336 0.0000002850
2337 0.0000002640
2338 0.0000002890
2339 0.0000002630
2340 0.0000002710
2341 0.0000003120
2342 0.0000002590
2343 0.0000002660
2344 0.0000002620
2345 0.0000002620
2346 0.0000002550
2347 0.0000002550
2348 0.0000002740
2349 0.0000002620
2350 0.0000002580
2351 0.0000002810
2352 0.0000002670
2353 0.0000002550
2354 0.0000002660
2355 0.0000002550
2356 0.0000002850
2357 0.0000002630
2358 0.0000003140
2359 0.0000002580
2360 0.0000002510
2361 0.0000002820
2362 0.0000002750
2363 0.0000002650
2364 0.0000002500
2365 0.0000002440
2366 0.0000002730
2367 0.0000002730
2368 0.0000002720
2369 0.0000003880
2370 0.0000002650
2371 0.0000002590
2372 0.0000007220
2373 0.0000003050
2374 0.0000001670
2375 0.0000002830
2376 0.0000002670
2377 0.0000002870
2378 0.0000002530
2379 0.0000001570
2380 0.0000001520
2381 0.0000001860
2382 0.0000001670
2383 0.0000001640
2384 0.0000001470
2385 0.0000001430
2386 0.0000001690
2387 0.0000002560
2388 0.0000002840
2389 0.0000002640
2390 0.0000002560
2391 0.0000002400
2392 0.0000002710
2393 0.0000002820
2394 0.0000002730
2395 0.0000002810
2396 0.0000002650
2397 0.0000003080
2398 0.0000002540
2399 0.0000002660
2400 0.0000002910
2401 0.0000002680
2402 0.0000002660
2403 0.0000003130
2404 0.0000002610
2405 0.0000002780
2406 0.0000002680
2407 0.0000002600
2408 0.0000002630
2409 0.0000002720
2410 0.0000002640
2411 0.0000002770
2412 0.0000002880
2413 0.0000002570
2414 0.0000002580
2415 0.0000002590
2416 0.0000008450
2417 0.0000002680
2418 0.0000003300
2419 0.0000003090
2420 0.0000002570
2421 0.0000003690
2422 0.0000003990
2423 0.0000003510
2424 0.0000003010
2425 0.0000002820
2426 0.0000002650
2427 0.0000002610
2428 0.0000003310
2429 0.0000002670
2430 0.0000007410
2431 0.0000002730
2432 0.0000002570
2433 0.0000002630
2434 0.0000002710
2435 0.0000002840
2436 0.0000002930
2437 0.0000001850
2438 0.0000003820
2439 0.0000002730
2440 0.0000002540
2441 0.0000002620
2442 0.0000008220
2443 0.0000002950
2444 0.0000002690
2445 0.0000002620
2446 0.0000002580
2447 0.0000002750
2448 0.0000002840
2449 0.0000003200
2450 0.0000002730
2451 0.0000002620
2452 0.0000002140
2453 0.0000002480
2454 0.0000003470
2455 0.0000003380
2456 0.0000002400
2457 0.0000002580
2458 0.0000002650
2459 0.0000003990
2460 0.0000003030
2461 0.0000002650
2462 0.0000003200
2463 0.0000002920
2464 0.0000002440
2465 0.0000002600
2466 0.0000002720
2467 0.0000002700
2468 0.0000003450
2469 0.0000002600
2470 0.0000002340
2471 0.0000003210
2472 0.0000002740
2473 0.0000002860
2474 0.0000002640
2475 0.0000002530
2476 0.0000005160
2477 0.0000002560
2478 0.0000002830
2479 0.0000003490
2480 0.0000002700
2481 0.0000002760
2482 0.0000002700
2483 0.0000002820
2484 0.0000002630
2485 0.0000002620
2486 0.0000003490
2487 0.0000002650
2488 0.0000002530
2489 0.0000002540
2490 0.0000002630
2491 0.0000008180
2492 0.0000001560
2493 0.0000001610
2494 0.0000001510
2495 0.0000001760
2496 0.0000001880
2497 0.0000009220
2498 0.0000020140
2499 0.0000002750
2500 0.0000002760
2501 0.0000002510
2502 0.0000002650
2503 0.0000002070
2504 0.0000002650
2505 0.0000002750
2506 0.0000002110
2507 0.0000001850
2508 0.0000001650
2509 0.0000002160
2510 0.0000002020
2511 0.0000001650
2512 0.0000001990
2513 0.0000001710
2514 0.0000001630
2515 0.0000001850
2516 0.0000001780
2517 0.0000001760
2518 0.0000002050
2519 0.0000002120
2520 0.0000002060
2521 0.0000002200
2522 0.0000001870
2523 0.0000001830
2524 0.0000001920
2525 0.0000002040
2526 0.0000004140
2527 0.0000002160
2528 0.0000002450
2529 0.0000002070
2530 0.0000002080
2531 0.0000001850
2532 0.0000003110
2533 0.0000001960
2534 0.0000001980
2535 0.0000002440
2536 0.0000001810
2537 0.0000001800
2538 0.0000001670
2539 0.0000001660
2540 0.0000001800
2541 0.0000001810
2542 0.0000001820
2543 0.0000001980
2544 0.0000001730
2545 0.0000001710
2546 0.0000001870
2547 0.0000001760
2548 0.0000001830
2549 0.0000001960
2550 0.0000001620
2551 0.0000001880
2552 0.0000001570
2553 0.0000002270
2554 0.0000001770
2555 0.0000001960
2556 0.0000002050
2557 0.0000001880
2558 0.0000002120
2559 0.0000001850
2560 0.0000001450
2561 0.0000002710
2562 0.0000001560
2563 0.0000001850
2564 0.0000001810
2565 0.0000002950
2566 0.0000002550
2567 0.0000002300
2568 0.0000002180
2569 0.0000002240
2570 0.0000001830
2571 0.0000002250
2572 0.0000002380
2573 0.0000002590
2574 0.0000002110
2575 0.0000002210
2576 0.0000001980
2577 0.0000001590
2578 0.0000001850
2579 0.0000001540
2580 0.0000001750
2581 0.0000001840
2582 0.0000001680
2583 0.0000001590
2584 0.0000002060
2585 0.0000002060
2586 0.0000001780
2587 0.0000001680
2588 0.0000001810
2589 0.0000001770
2590 0.0000002030
2591 0.0000002440
2592 0.0000001640
2593 0.0000001850
2594 0.0000002070
2595 0.0000002710
2596 0.0000002060
2597 0.0000002970
2598 0.0000003010
2599 0.0000002470
2600 0.0000002030
2601 0.0000002090
2602 0.0000002450
2603 0.0000002190
2604 0.0000002030
2605 0.0000002020
2606 0.0000002060
2607 0.0000001900
2608 0.0000002290
2609 0.0000002120
2610 0.0000001990
2611 0.0000001780
2612 0.0000001860
2613 0.0000001410
2614 0.0000001790
2615 0.0000001800
2616 0.0000002150
2617 0.0000001850
2618 0.0000002580
2619 0.0000004290
2620 0.0000001800
2621 0.0000001800
2622 0.0000002420
2623 0.0000001980
2624 0.0000001810
2625 0.0000002720
2626 0.0000001910
2627 0.0000002070
2628 0.0000001920
2629 0.0000001830
2630 0.0000001870
2631 0.0000006440
2632 0.0000001940
2633 0.0000001960
2634 0.0000001730
2635 0.0000001620
2636 0.0000001780
2637 0.0000001810
2638 0.0000006360
2639 0.0000001710
2640 0.0000002060
2641 0.0000002490
2642 0.0000002500
2643 0.0000003260
2644 0.0000002120
2645 0.0000002470
2646 0.0000002140
2647 0.0000002550
2648 0.0000001970
2649 0.0000002150
2650 0.0000002090
2651 0.0000002250
2652 0.0000002000
2653 0.0000002240
2654 0.0000002670
2655 0.0000002260
2656 0.0000001950
2657 0.0000002450
2658 0.0000002320
2659 0.0000001840
2660 0.0000001670
2661 0.0000001830
2662 0.0000001580
2663 0.0000001830
2664 0.0000001560
2665 0.0000001690
2666 0.0000001760
2667 0.0000001830
2668 0.0000001980
2669 0.0000001930
2670 0.0000002040
2671 0.0000002400
2672 0.0000001910
2673 0.0000005540
2674 0.0000002270
2675 0.0000002040
2676 0.0000001950
2677 0.0000001800
2678 0.0000001990
2679 0.0000002000
2680 0.0000001760
2681 0.0000001960
2682 0.0000001740
2683 0.0000002410
2684 0.0000002000
2685 0.0000001800
2686 0.0000002010
2687 0.0000001870
2688 0.0000002090
2689 0.0000002190
2690 0.0000002920
2691 0.0000002180
2692 0.0000002130
2693 0.0000002330
2694 0.0000002240
2695 0.0000002040
2696 0.0000001890
2697 0.0000001820
2698 0.0000001880
2699 0.0000001960
2700 0.0000001700
2701 0.0000001820
2702 0.0000001890
2703 0.0000001830
2704 0.0000001810
2705 0.0000001770
2706 0.0000002370
2707 0.0000001950
2708 0.0000002210
2709 0.0000002060
2710 0.0000002020
2711 0.0000002160
2712 0.0000002240
2713 0.0000002000
2714 0.0000002750
2715 0.0000002500
2716 0.0000002120
2717 0.0000002230
2718 0.0000005650
2719 0.0000001670
2720 0.0000001900
2721 0.0000002360
2722 0.0000001810
2723 0.0000001990
2724 0.0000012270
2725 0.0000003360
2726 0.0000002490
2727 0.0000006550
2728 0.0000002060
2729 0.0000001830
2730 0.0000001540
2731 0.0000001950
2732 0.0000002050
2733 0.0000001470
2734 0.0000001750
2735 0.0000001970
2736 0.0000002760
2737 0.0000001850
2738 0.0000005500
2739 0.0000001650
2740 0.0000002680
2741 0.0000004190
2742 0.0000002860
2743 0.0000002540
2744 0.0000002570
2745 0.0000002910
2746 0.0000002470
2747 0.0000002980
2748 0.0000002430
2749 0.0000003040
2750 0.0000002980
2751 0.0000002570
2752 0.0000002560
2753 0.0000002740
2754 0.0000003170
2755 0.0000002200
2756 0.0000002010
2757 0.0000002010
2758 0.0000002050
2759 0.0000002020
2760 0.0000001970
2761 0.0000002040
2762 0.0000001820
2763 0.0000001620
2764 0.0000002020
2765 0.0000001690
2766 0.0000001830
2767 0.0000001910
2768 0.0000001780
2769 0.0000001840
2770 0.0000001900
2771 0.0000002460
2772 0.0000002000
2773 0.0000001900
2774 0.0000001810
2775 0.0000001910
2776 0.0000002270
2777 0.0000001970
2778 0.0000001790
2779 0.0000001830
2780 0.0000001950
2781 0.0000001670
2782 0.0000001800
2783 0.0000001640
2784 0.0000001960
2785 0.0000001830
2786 0.0000002230
2787 0.0000001810
2788 0.0000027690
2789 0.0000002180
2790 0.0000001780
2791 0.0000002060
2792 0.0000002190
2793 0.0000002080
2794 0.0000001810
2795 0.0000001890
2796 0.0000001620
2797 0.0000001860
2798 0.0000001710
2799 0.0000001720
2800 0.0000002010
2801 0.0000001780
2802 0.0000001950
2803 0.0000007330
2804 0.0000001780
2805 0.0000001790
2806 0.0000001620
2807 0.0000006420
2808 0.0000001740
2809 0.0000001810
2810 0.0000002030
2811 0.0000002180
2812 0.0000001940
2813 0.0000002140
2814 0.0000001870
2815 0.0000002530
2816 0.0000001920
2817 0.0000002120
2818 0.0000002080
2819 0.0000001800
2820 0.0000001630
2821 0.0000001650
2822 0.0000001750
2823 0.0000002310
2824 0.0000001700
2825 0.0000001650
2826 0.0000001630
2827 0.0000001690
2828 0.0000001990
2829 0.0000001600
2830 0.0000001850
2831 0.0000002090
2832 0.0000009890
2833 0.0000002270
2834 0.0000002250
2835 0.0000001700
2836 0.0000002090
2837 0.0000001760
2838 0.0000001900
2839 0.0000001740
2840 0.0000001860
2841 0.0000001890
2842 0.0000002240
2843 0.0000001640
2844 0.0000001900
2845 0.0000002180
2846 0.0000001610
2847 0.0000002260
2848 0.0000001890
2849 0.0000001570
2850 0.0000001710
2851 0.0000001690
2852 0.0000001650
2853 0.0000001730
2854 0.0000001950
2855 0.0000001850
2856 0.0000001740
2857 0.0000001950
2858 0.0000001580
2859 0.0000001560
2860 0.0000002920
2861 0.0000001860
2862 0.0000001700
2863 0.0000001920
2864 0.0000001710
2865 0.0000001780
2866 0.0000001680
2867 0.0000001610
2868 0.0000001650
2869 0.0000001810
2870 0.0000001830
2871 0.0000001850
2872 0.0000001580
2873 0.0000001690
2874 0.0000001850
2875 0.0000001650
2876 0.0000001630
2877 0.0000001950
2878 0.0000001840
2879 0.0000001570
2880 0.0000001730
2881 0.0000001750
2882 0.0000001740
2883 0.0000001900
2884 0.0000001860
2885 0.0000001700
2886 0.0000001760
2887 0.0000008620
2888 0.0000001840
2889 0.0000001720
2890 0.0000002160
2891 0.0000002320
2892 0.0000002720
2893 0.0000001680
2894 0.0000001780
2895 0.0000002050
2896 0.0000002330
2897 0.0000001580
2898 0.0000002020
2899 0.0000001820
2900 0.0000001640
2901 0.0000001810
2902 0.0000001950
2903 0.0000001720
2904 0.0000002090
2905 0.0000001780
2906 0.0000001700
2907 0.0000001590
2908 0.0000001820
2909 0.0000001930
2910 0.0000001920
2911 0.0000001640
2912 0.0000001890
2913 0.0000002720
2914 0.0000002060
2915 0.0000002380
2916 0.0000002310
2917 0.0000001950
2918 0.0000001930
2919 0.0000001740
2920 0.0000001680
2921 0.0000002070
2922 0.0000001630
2923 0.0000001730
2924 0.0000001940
2925 0.0000001790
2926 0.0000002100
2927 0.0000001710
2928 0.0000001920
2929 0.0000001640
2930 0.0000001620
2931 0.0000001810
2932 0.0000001940
2933 0.0000001740
2934 0.0000001830
2935 0.0000001780
2936 0.0000002150
2937 0.0000001690
2938 0.0000001900
2939 0.0000001990
2940 0.0000001640
2941 0.0000001430
2942 0.0000001920
2943 0.0000001580
2944 0.0000002020
2945 0.0000001510
2946 0.0000001740
2947 0.0000002050
2948 0.0000001850
2949 0.0000007460
2950 0.0000001670
2951 0.0000002250
2952 0.0000002030
2953 0.0000002290
2954 0.0000001750
2955 0.0000002070
2956 0.0000002130
2957 0.0000001730
2958 0.0000004090
2959 0.0000002370
2960 0.0000019780
2961 0.0000001780
2962 0.0000001800
2963 0.0000008290
2964 0.0000001840
2965 0.0000001600
2966 0.0000001720
2967 0.0000001860
2968 0.0000001680
2969 0.0000002760
2970 0.0000001690
2971 0.0000001730
2972 0.0000002010
2973 0.0000001890
2974 0.0000002240
2975 0.0000001830
2976 0.0000001810
2977 0.0000001810
2978 0.0000001820
2979 0.0000001700
2980 0.0000001330
2981 0.0000001460
2982 0.0000001960
2983 0.0000001690
2984 0.0000001650
2985 0.0000001730
2986 0.0000002000
2987 0.0000001680
2988 0.0000001770
2989 0.0000002090
2990 0.0000001730
2991 0.0000001850
2992 0.0000008240
2993 0.0000001930
2994 0.0000001640
2995 0.0000003100
2996 0.0000001580
2997 0.0000001930
2998 0.0000001690
2999 0.0000001900
3000 0.0000010280
3001 0.0000002090
3002 0.0000001960
3003 0.0000001860
3004 0.0000003670
3005 0.0000001690
3006 0.0000001960
3007 0.0000002000
3008 0.0000001640
3009 0.0000002610
3010 0.0000001750
3011 0.0000001850
3012 0.0000001750
3013 0.0000001790
3014 0.0000001740
3015 0.0000001590
3016 0.0000001730
3017 0.0000001840
3018 0.0000001810
3019 0.0000001650
3020 0.0000002020
3021 0.0000002080
3022 0.0000001790
3023 0.0000001740
3024 0.0000001770
3025 0.0000001840
3026 0.0000001930
3027 0.0000001670
3028 0.0000001930
3029 0.0000001710
3030 0.0000001880
3031 0.0000001930
3032 0.0000001860
3033 0.0000001800
3034 0.0000001550
3035 0.0000002000
3036 0.0000001660
3037 0.0000002440
3038 0.0000001890
3039 0.0000001720
3040 0.0000002640
3041 0.0000008620
3042 0.0000002200
3043 0.0000001560
3044 0.0000001910
3045 0.0000001610
3046 0.0000001870
3047 0.0000001740
3048 0.0000001800
3049 0.0000001950
3050 0.0000001670
3051 0.0000001910
3052 0.0000001830
3053 0.0000001900
3054 0.0000001840
3055 0.0000001970
3056 0.0000001700
3057 0.0000001820
3058 0.0000001930
3059 0.0000001890
3060 0.0000001790
3061 0.0000002210
3062 0.0000001830
3063 0.0000001960
3064 0.0000001970
3065 0.0000001860
3066 0.0000002780
3067 0.0000001940
3068 0.0000001780
3069 0.0000001720
3070 0.0000003030
3071 0.0000001620
3072 0.0000001840
3073 0.0000001860
3074 0.0000001810
3075 0.0000002520
3076 0.0000001740
3077 0.0000001960
3078 0.0000001770
3079 0.0000002180
3080 0.0000002390
3081 0.0000001870
3082 0.0000002420
3083 0.0000001820
3084 0.0000001640
3085 0.0000002650
3086 0.0000002100
3087 0.0000001850
3088 0.0000001980
3089 0.0000001920
3090 0.0000007700
3091 0.0000001820
3092 0.0000001790
3093 0.0000001690
3094 0.0000001900
3095 0.0000002240
3096 0.0000001620
3097 0.0000002610
3098 0.0000001740
3099 0.0000001660
3100 0.0000002210
3101 0.0000001850
3102 0.0000001640
3103 0.0000001530
3104 0.0000001620
3105 0.0000001840
3106 0.0000002170
3107 0.0000001800
3108 0.0000001700
3109 0.0000001820
3110 0.0000001770
3111 0.0000001730
3112 0.0000001710
3113 0.0000001850
3114 0.0000002030
3115 0.0000001790
3116 0.0000002420
3117 0.0000001770
3118 0.0000002200
3119 0.0000001540
3120 0.0000007460
3121 0.0000002660
3122 0.0000001740
3123 0.0000002510
3124 0.0000002020
3125 0.0000001720
3126 0.0000002910
3127 0.0000002400
3128 0.0000001980
3129 0.0000001990
3130 0.0000001910
3131 0.0000001830
3132 0.0000001910
3133 0.0000001970
3134 0.0000002300
3135 0.0000001860
3136 0.0000002110
3137 0.0000001910
3138 0.0000001960
3139 0.0000001860
3140 0.0000002060
3141 0.0000001990
3142 0.0000001760
3143 0.0000001740
3144 0.0000001750
3145 0.0000002080
3146 0.0000002030
3147 0.0000002130
3148 0.0000002520
3149 0.0000003220
3150 0.0000002890
3151 0.0000002120
3152 0.0000002140
3153 0.0000002000
3154 0.0000001820
3155 0.0000002010
3156 0.0000001970
3157 0.0000001800
3158 0.0000001890
3159 0.0000001460
3160 0.0000001690
3161 0.0000002240
3162 0.0000001840
3163 0.0000002150
3164 0.0000002540
3165 0.0000001880
3166 0.0000002100
3167 0.0000003250
3168 0.0000001890
3169 0.0000001700
3170 0.0000001930
3171 0.0000002580
3172 0.0000002890
3173 0.0000002470
3174 0.0000002560
3175 0.0000002340
3176 0.0000002600
3177 0.0000002250
3178 0.0000002180
3179 0.0000002320
3180 0.0000002040
3181 0.0000001920
3182 0.0000001970
3183 0.0000002340
3184 0.0000001720
3185 0.0000001780
3186 0.0000002050
3187 0.0000002300
3188 0.0000004530
3189 0.0000002350
3190 0.0000002530
3191 0.0000002840
3192 0.0000002590
3193 0.0000002400
3194 0.0000002450
3195 0.0000002570
3196 0.0000003500
3197 0.0000002130
3198 0.0000002030
3199 0.0000002340
3200 0.0000002470
3201 0.0000002210
3202 0.0000002560
3203 0.0000002260
3204 0.0000002710
3205 0.0000002140
3206 0.0000001670
3207 0.0000001500
3208 0.0000001960
3209 0.0000001700
3210 0.0000001640
3211 0.0000001720
3212 0.0000001770
3213 0.0000001830
3214 0.0000001950
3215 0.0000001920
3216 0.0000001910
3217 0.0000002220
3218 0.0000002020
3219 0.0000001970
3220 0.0000001630
3221 0.0000001780
3222 0.0000001730
3223 0.0000002060
3224 0.0000001780
3225 0.0000001930
3226 0.0000001970
3227 0.0000001990
3228 0.0000001870
3229 0.0000002540
3230 0.0000001990
3231 0.0000002070
3232 0.0000001760
3233 0.0000001850
3234 0.0000001840
3235 0.0000001880
3236 0.0000002070
3237 0.0000001810
3238 0.0000003390
3239 0.0000001830
3240 0.0000001920
3241 0.0000001840
3242 0.0000001800
3243 0.0000002140
3244 0.0000001880
3245 0.0000001790
3246 0.0000001780
3247 0.0000001810
3248 0.0000001820
3249 0.0000001910
3250 0.0000001920
3251 0.0000002080
3252 0.0000002050
3253 0.0000001540
3254 0.0000002100
3255 0.0000001790
3256 0.0000002660
3257 0.0000002960
3258 0.0000002400
3259 0.0000002120
3260 0.0000001900
3261 0.0000002560
3262 0.0000002310
3263 0.0000001840
3264 0.0000001900
3265 0.0000002070
3266 0.0000001980
3267 0.0000001840
3268 0.0000001800
3269 0.0000002000
3270 0.0000001910
3271 0.0000001850
3272 0.0000001730
3273 0.0000001980
3274 0.0000001810
3275 0.0000001900
3276 0.0000001580
3277 0.0000001820
3278 0.0000001620
3279 0.0000001850
3280 0.0000001930
3281 0.0000001990
3282 0.0000002370
3283 0.0000001960
3284 0.0000001830
3285 0.0000001820
3286 0.0000002010
3287 0.0000001970
3288 0.0000001900
3289 0.0000001910
3290 0.0000002030
3291 0.0000002130
3292 0.0000002030
3293 0.0000002170
3294 0.0000002570
3295 0.0000002040
3296 0.0000004180
3297 0.0000002070
3298 0.0000002230
3299 0.0000002250
3300 0.0000003510
3301 0.0000002470
3302 0.0000002290
3303 0.0000001970
3304 0.0000001810
3305 0.0000001620
3306 0.0000001790
3307 0.0000002410
3308 0.0000001900
3309 0.0000001800
3310 0.0000008420
3311 0.0000001850
3312 0.0000002050
3313 0.0000001820
3314 0.0000001980
3315 0.0000003510
3316 0.0000001750
3317 0.0000001610
3318 0.0000001970
3319 0.0000003010
3320 0.0000002190
3321 0.0000001990
3322 0.0000001750
3323 0.0000001930
3324 0.0000001660
3325 0.0000001840
3326 0.0000002110
3327 0.0000002300
3328 0.0000001710
3329 0.0000002820
3330 0.0000002130
3331 0.0000002740
3332 0.0000002080
3333 0.0000001920
3334 0.0000002810
3335 0.0000001760
3336 0.0000001730
3337 0.0000001910
3338 0.0000001860
3339 0.0000002030
3340 0.0000002160
3341 0.0000001750
3342 0.0000001690
3343 0.0000002290
3344 0.0000001930
3345 0.0000002050
3346 0.0000001940
3347 0.0000001740
3348 0.0000001910
3349 0.0000001970
3350 0.0000001950
3351 0.0000001840
3352 0.0000002300
3353 0.0000003970
3354 0.0000003480
3355 0.0000003130
3356 0.0000003030
3357 0.0000003160
3358 0.0000002720
3359 0.0000003190
3360 0.0000004840
3361 0.0000002810
3362 0.0000002360
3363 0.0000002550
3364 0.0000003600
3365 0.0000003110
3366 0.0000004140
3367 0.0000003080
3368 0.0000003120
3369 0.0000003120
3370 0.0000002850
3371 0.0000003420
3372 0.0000003220
3373 0.0000002980
3374 0.0000002760
3375 0.0000003250
3376 0.0000003900
3377 0.0000002970
3378 0.0000002950
3379 0.0000002800
3380 0.0000003320
3381 0.0000003010
3382 0.0000002900
3383 0.0000003570
3384 0.0000002100
3385 0.0000001890
3386 0.0000001630
3387 0.0000003030
3388 0.0000002920
3389 0.0000001950
3390 0.0000001970
3391 0.0000001790
3392 0.0000003070
3393 0.0000002960
3394 0.0000002970
3395 0.0000003270
3396 0.0000003220
3397 0.0000002990
3398 0.0000003320
3399 0.0000002930
3400 0.0000003330
3401 0.0000002840
3402 0.0000003100
3403 0.0000003060
3404 0.0000002950
3405 0.0000002930
3406 0.0000002870
3407 0.0000003030
3408 0.0000002890
3409 0.0000002790
3410 0.0000003200
3411 0.0000003470
3412 0.0000003070
3413 0.0000003010
3414 0.0000002950
3415 0.0000003020
3416 0.0000002990
3417 0.0000002900
3418 0.0000003100
3419 0.0000003190
3420 0.0000002990
3421 0.0000002450
3422 0.0000002930
3423 0.0000002510
3424 0.0000001990
3425 0.0000001860
3426 0.0000003010
3427 0.0000001760
3428 0.0000002580
3429 0.0000001920
3430 0.0000003280
3431 0.0000003180
3432 0.0000003050
3433 0.0000004460
3434 0.0000002970
3435 0.0000003020
3436 0.0000003040
3437 0.0000003250
3438 0.0000003200
3439 0.0000003100
3440 0.0000002920
3441 0.0000002930
3442 0.0000002920
3443 0.0000002970
3444 0.0000014210
3445 0.0000003170
3446 0.0000003080
3447 0.0000003040
3448 0.0000002880
3449 0.0000003060
3450 0.0000003100
3451 0.0000003250
3452 0.0000002880
3453 0.0000003160
3454 0.0000002950
3455 0.0000003370
3456 0.0000003150
3457 0.0000002490
3458 0.0000003130
3459 0.0000003970
3460 0.0000002730
3461 0.0000002300
3462 0.0000001790
3463 0.0000001600
3464 0.0000001780
3465 0.0000001830
3466 0.0000002240
3467 0.0000001950
3468 0.0000003040
3469 0.0000003390
3470 0.0000002940
3471 0.0000002910
3472 0.0000002940
3473 0.0000006590
3474 0.0000003210
3475 0.0000003500
3476 0.0000002890
3477 0.0000003030
3478 0.0000002920
3479 0.0000003000
3480 0.0000002980
3481 0.0000028370
3482 0.0000003080
3483 0.0000003460
3484 0.0000003180
3485 0.0000002260
3486 0.0000002910
3487 0.0000003330
3488 0.0000003050
3489 0.0000003180
3490 0.0000002820
3491 0.0000003350
3492 0.0000002220
3493 0.0000003180
3494 0.0000002990
3495 0.0000002920
3496 0.0000003150
3497 0.0000003080
3498 0.0000003020
3499 0.0000002120
3500 0.0000001780
3501 0.0000003000
3502 0.0000001840
3503 0.0000001850
3504 0.0000003110
3505 0.0000003890
3506 0.0000002210
3507 0.0000001800
3508 0.0000002980
3509 0.0000002970
3510 0.0000005070
3511 0.0000003210
3512 0.0000003250
3513 0.0000003020
3514 0.0000003490
3515 0.0000002960
3516 0.0000003070
3517 0.0000003030
3518 0.0000003040
3519 0.0000002960
3520 0.0000002890
3521 0.0000003000
3522 0.0000003120
3523 0.0000003110
3524 0.0000003130
3525 0.0000003690
3526 0.0000002990
3527 0.0000002920
3528 0.0000003080
3529 0.0000003240
3530 0.0000002970
3531 0.0000003350
3532 0.0000003660
3533 0.0000005590
3534 0.0000001860
3535 0.0000002350
3536 0.0000003140
3537 0.0000002980
3538 0.0000003140
3539 0.0000003090
3540 0.0000003030
3541 0.0000005400
3542 0.0000003100
3543 0.0000003130
3544 0.0000003060
3545 0.0000002910
3546 0.0000007920
3547 0.0000002540
3548 0.0000003300
3549 0.0000002920
3550 0.0000003320
3551 0.0000003320
3552 0.0000002530
3553 0.0000002900
3554 0.0000003320
3555 0.0000002920
3556 0.0000003030
3557 0.0000002980
3558 0.0000003070
3559 0.0000003510
3560 0.0000003000
3561 0.0000002890
3562 0.0000003210
3563 0.0000003080
3564 0.0000003050
3565 0.0000002930
3566 0.0000002550
3567 0.0000003390
3568 0.0000002970
3569 0.0000002980
3570 0.0000002980
3571 0.0000002950
3572 0.0000002770
3573 0.0000003380
3574 0.0000003000
3575 0.0000003030
3576 0.0000003020
3577 0.0000003230
3578 0.0000003070
3579 0.0000003110
3580 0.0000003050
3581 0.0000003410
3582 0.0000003050
3583 0.0000003190
3584 0.0000002380
3585 0.0000001850
3586 0.0000001640
3587 0.0000001730
3588 0.0000002990
3589 0.0000003000
3590 0.0000003310
3591 0.0000003060
3592 0.0000003140
3593 0.0000003150
3594 0.0000003070
3595 0.0000003130
3596 0.0000002890
3597 0.0000003110
3598 0.0000002790
3599 0.0000003110
3600 0.0000003260
3601 0.0000002790
3602 0.0000003230
3603 0.0000003000
3604 0.0000002850
3605 0.0000002800
3606 0.0000002980
3607 0.0000003170
3608 0.0000003100
3609 0.0000003810
3610 0.0000003730
3611 0.0000003260
3612 0.0000003280
3613 0.0000003160
3614 0.0000003050
3615 0.0000002960
3616 0.0000003070
3617 0.0000003350
3618 0.0000003040
3619 0.0000002920
3620 0.0000003010
3621 0.0000003000
3622 0.0000003570
3623 0.0000003010
3624 0.0000003080
3625 0.0000002990
3626 0.0000002970
3627 0.0000003090
3628 0.0000001960
3629 0.0000003230
3630 0.0000003070
3631 0.0000003030
3632 0.0000003540
3633 0.0000003050
3634 0.0000003030
3635 0.0000003060
3636 0.0000003170
3637 0.0000003090
3638 0.0000003090
3639 0.0000002960
3640 0.0000002810
3641 0.0000002750
3642 0.0000003760
3643 0.0000003090
3644 0.0000003150
3645 0.0000009100
3646 0.0000002520
3647 0.0000002570
3648 0.0000002430
3649 0.0000002910
3650 0.0000002720
3651 0.0000002980
3652 0.0000003420
3653 0.0000003330
3654 0.0000002980
3655 0.0000003030
3656 0.0000003140
3657 0.0000002970
3658 0.0000003120
3659 0.0000003070
3660 0.0000002970
3661 0.0000003060
3662 0.0000003020
3663 0.0000002950
3664 0.0000003090
3665 0.0000002990
3666 0.0000003080
3667 0.0000003080
3668 0.0000002870
3669 0.0000004480
3670 0.0000002970
3671 0.0000001860
3672 0.0000002270
3673 0.0000003480
3674 0.0000002960
3675 0.0000003200
3676 0.0000002980
3677 0.0000003830
3678 0.0000003170
3679 0.0000003060
3680 0.0000003720
3681 0.0000003070
3682 0.0000002060
3683 0.0000001630
3684 0.0000003010
3685 0.0000003080
3686 0.0000003140
3687 0.0000003050
3688 0.0000002960
3689 0.0000003180
3690 0.0000003100
3691 0.0000003390
3692 0.0000003090
3693 0.0000003290
3694 0.0000003260
3695 0.0000003020
3696 0.0000002880
3697 0.0000002950
3698 0.0000002950
3699 0.0000002980
3700 0.0000002950
3701 0.0000003020
3702 0.0000002990
3703 0.0000002960
3704 0.0000002970
3705 0.0000003500
3706 0.0000002980
3707 0.0000003490
3708 0.0000003160
3709 0.0000003220
3710 0.0000002840
3711 0.0000003110
3712 0.0000002330
3713 0.0000003030
3714 0.0000003100
3715 0.0000002890
3716 0.0000003060
3717 0.0000001880
3718 0.0000001870
3719 0.0000001900
3720 0.0000001680
3721 0.0000001940
3722 0.0000003070
3723 0.0000002900
3724 0.0000002100
3725 0.0000002830
3726 0.0000003270
3727 0.0000002880
3728 0.0000003080
3729 0.0000003230
3730 0.0000003660
3731 0.0000003930
3732 0.0000003300
3733 0.0000002950
3734 0.0000002840
3735 0.0000003150
3736 0.0000003950
3737 0.0000003450
3738 0.0000002800
3739 0.0000003490
3740 0.0000003180
3741 0.0000002940
3742 0.0000003320
3743 0.0000003610
3744 0.0000002810
3745 0.0000003260
3746 0.0000002800
3747 0.0000003490
3748 0.0000003120
3749 0.0000003450
3750 0.0000003150
3751 0.0000003050
3752 0.0000003010
3753 0.0000003110
3754 0.0000003040
3755 0.0000002940
3756 0.0000003520
3757 0.0000003450
3758 0.0000003150
3759 0.0000003250
3760 0.0000003000
3761 0.0000003150
3762 0.0000003320
3763 0.0000003060
3764 0.0000003000
3765 0.0000003130
3766 0.0000003110
3767 0.0000003080
3768 0.0000003070
3769 0.0000003130
3770 0.0000003120
3771 0.0000003200
3772 0.0000003380
3773 0.0000003020
3774 0.0000003250
3775 0.0000003540
3776 0.0000003010
3777 0.0000004620
3778 0.0000003080
3779 0.0000003020
3780 0.0000003180
3781 0.0000003080
3782 0.0000003230
3783 0.0000003180
3784 0.0000003110
3785 0.0000003340
3786 0.0000002940
3787 0.0000003510
3788 0.0000003040
3789 0.0000003470
3790 0.0000003210
3791 0.0000002980
3792 0.0000003070
3793 0.0000004940
3794 0.0000003050
3795 0.0000003030
3796 0.0000003100
3797 0.0000003060
3798 0.0000003020
3799 0.0000003010
3800 0.0000003120
3801 0.0000003210
3802 0.0000003300
3803 0.0000003680
3804 0.0000003310
3805 0.0000002220
3806 0.0000003040
3807 0.0000004020
3808 0.0000003340
3809 0.0000003430
3810 0.0000003070
3811 0.0000003200
3812 0.0000003070
3813 0.0000003130
3814 0.0000003140
3815 0.0000003130
3816 0.0000003070
3817 0.0000003570
3818 0.0000003140
3819 0.0000003070
3820 0.0000003230
3821 0.0000002910
3822 0.0000002860
3823 0.0000002830
3824 0.0000002630
3825 0.0000002870
3826 0.0000005900
3827 0.0000004150
3828 0.0000003380
3829 0.0000002960
3830 0.0000003060
3831 0.0000003560
3832 0.0000003350
3833 0.0000003560
3834 0.0000003310
3835 0.0000002810
3836 0.0000002760
3837 0.0000003670
3838 0.0000003210
3839 0.0000002950
3840 0.0000003120
3841 0.0000002950
3842 0.0000003270
3843 0.0000003510
3844 0.0000003770
3845 0.0000002240
3846 0.0000001850
3847 0.0000001830
3848 0.0000001830
3849 0.0000003330
3850 0.0000002160
3851 0.0000001920
3852 0.0000001880
3853 0.0000002030
3854 0.0000002090
3855 0.0000002100
3856 0.0000002080
3857 0.0000001880
3858 0.0000001990
3859 0.0000001860
3860 0.0000002530
3861 0.0000002040
3862 0.0000001940
3863 0.0000002060
3864 0.0000001890
3865 0.0000002080
3866 0.0000001960
3867 0.0000002150
3868 0.0000001820
3869 0.0000001810
3870 0.0000002990
3871 0.0000001950
3872 0.0000001930
3873 0.0000001710
3874 0.0000001930
3875 0.0000002170
3876 0.0000001920
3877 0.0000001950
3878 0.0000001870
3879 0.0000001830
3880 0.0000001580
3881 0.0000001910
3882 0.0000001750
3883 0.0000002190
3884 0.0000001790
3885 0.0000001970
3886 0.0000001960
3887 0.0000002030
3888 0.0000002000
3889 0.0000001800
3890 0.0000001920
3891 0.0000001990
3892 0.0000002770
3893 0.0000001840
3894 0.0000002200
3895 0.0000003100
3896 0.0000001890
3897 0.0000002060
3898 0.0000001990
3899 0.0000001880
3900 0.0000001960
3901 0.0000001830
3902 0.0000002790
3903 0.0000002340
3904 0.0000001830
3905 0.0000001850
3906 0.0000001760
3907 0.0000001860
3908 0.0000001950
3909 0.0000002930
3910 0.0000002120
3911 0.0000001840
3912 0.0000001730
3913 0.0000001930
3914 0.0000001970
3915 0.0000002380
3916 0.0000002320
3917 0.0000001890
3918 0.0000001970
3919 0.0000001870
3920 0.0000001780
3921 0.0000002140
3922 0.0000001920
3923 0.0000001970
3924 0.0000001700
3925 0.0000001950
3926 0.0000001760
3927 0.0000001840
3928 0.0000002080
3929 0.0000002050
3930 0.0000002050
3931 0.0000002350
3932 0.0000001870
3933 0.0000001920
3934 0.0000002110
3935 0.0000001960
3936 0.0000002040
3937 0.0000002130
3938 0.0000002680
3939 0.0000002220
3940 0.0000001910
3941 0.0000002040
3942 0.0000002450
3943 0.0000002120
3944 0.0000001850
3945 0.0000002120
3946 0.0000002300
3947 0.0000001790
3948 0.0000001820
3949 0.0000001840
3950 0.0000001850
3951 0.0000001860
3952 0.0000001760
3953 0.0000001990
3954 0.0000001840
3955 0.0000001830
3956 0.0000002510
3957 0.0000002190
3958 0.0000002300
3959 0.0000001830
3960 0.0000002200
3961 0.0000002210
3962 0.0000001830
3963 0.0000001870
3964 0.0000001850
3965 0.0000002210
3966 0.0000001830
3967 0.0000002020
3968 0.0000002030
3969 0.0000001910
3970 0.0000003070
3971 0.0000001830
3972 0.0000002040
3973 0.0000002560
3974 0.0000002130
3975 0.0000001990
3976 0.0000002050
3977 0.0000002350
3978 0.0000001930
3979 0.0000002480
3980 0.0000001960
3981 0.0000001970
3982 0.0000001620
3983 0.0000001850
3984 0.0000001980
3985 0.0000001990
3986 0.0000001970
3987 0.0000002010
3988 0.0000001910
3989 0.0000001780
3990 0.0000002000
3991 0.0000001830
3992 0.0000001860
3993 0.0000002070
3994 0.0000001840
3995 0.0000002100
3996 0.0000002430
3997 0.0000002310
3998 0.0000002020
3999 0.0000001860
4000 0.0000001900
4001 0.0000002210
4002 0.0000002100
4003 0.0000002430
4004 0.0000002150
4005 0.0000001830
4006 0.0000002050
4007 0.0000001900
4008 0.0000002490
4009 0.0000002140
4010 0.0000001870
4011 0.0000001950
4012 0.0000002420
4013 0.0000001910
4014 0.0000001880
4015 0.0000001890
4016 0.0000001910
4017 0.0000001900
4018 0.0000001870
4019 0.0000001840
4020 0.0000001980
4021 0.0000001950
4022 0.0000001870
4023 0.0000001870
4024 0.0000002150
4025 0.0000002290
4026 0.0000002080
4027 0.0000003360
4028 0.0000002020
4029 0.0000001900
4030 0.0000002470
4031 0.0000002140
4032 0.0000002160
4033 0.0000002980
4034 0.0000002000
4035 0.0000001980
4036 0.0000002000
4037 0.0000001750
4038 0.0000001880
4039 0.0000001960
4040 0.0000001820
4041 0.0000002010
4042 0.0000001890
4043 0.0000001740
4044 0.0000003550
4045 0.0000001930
4046 0.0000001980
4047 0.0000001880
4048 0.0000002350
4049 0.0000002140
4050 0.0000002020
4051 0.0000002010
4052 0.0000001900
4053 0.0000001980
4054 0.0000001950
4055 0.0000002130
4056 0.0000001900
4057 0.0000002470
4058 0.0000002020
4059 0.0000001890
4060 0.0000002250
4061 0.0000001810
4062 0.0000002810
4063 0.0000001930
4064 0.0000002250
4065 0.0000001990
4066 0.0000001960
4067 0.0000001820
4068 0.0000001930
4069 0.0000001700
4070 0.0000002410
4071 0.0000002060
4072 0.0000001850
4073 0.0000002870
4074 0.0000001820
4075 0.0000001890
4076 0.0000002020
4077 0.0000002360
4078 0.0000001650
4079 0.0000002080
4080 0.0000002020
4081 0.0000002090
4082 0.0000002150
4083 0.0000001940
4084 0.0000002000
4085 0.0000002120
4086 0.0000002010
4087 0.0000001980
4088 0.0000001910
4089 0.0000001930
4090 0.0000001960
4091 0.0000002020
4092 0.0000002320
4093 0.0000001910
4094 0.0000001900
4095 0.0000001940
4096 0.0000002060
4097 0.0000002010
4098 0.0000002000
4099 0.0000001990
4100 0.0000001900
