3 0.0000002280
4 0.0000002170
5 0.0000003290
6 0.0000002400
7 0.0000002470
8 0.0000002550
9 0.0000003640
10 0.0000002550
11 0.0000003360
12 0.0000002680
13 0.0000002790
14 0.0000002690
15 0.0000002890
16 0.0000003300
17 0.0000004030
18 0.0000003340
19 0.0000002990
20 0.0000003060
21 0.0000003080
22 0.0000002970
23 0.0000003100
24 0.0000003110
25 0.0000003180
26 0.0000003220
27 0.0000003260
28 0.0000003380
29 0.0000003090
30 0.0000003540
31 0.0000004560
32 0.0000004590
33 0.0000005900
34 0.0000003730
35 0.0000003770
36 0.0000003800
37 0.0000003860
38 0.0000004650
39 0.0000003960
40 0.0000003990
41 0.0000004120
42 0.0000004140
43 0.0000004220
44 0.0000004090
45 0.0000004820
46 0.0000004060
47 0.0000004170
48 0.0000004190
49 0.0000004250
50 0.0000004660
51 0.0000004260
52 0.0000004650
53 0.0000004440
54 0.0000004440
55 0.0000004610
56 0.0000004420
57 0.0000004890
58 0.0000004560
59 0.0000004510
60 0.0000004700
61 0.0000004450
62 0.0000005010
63 0.0000004650
64 0.0000004920
65 0.0000006580
66 0.0000005020
67 0.0000005070
68 0.0000004960
69 0.0000005100
70 0.0000004980
71 0.0000005190
72 0.0000004760
73 0.0000004850
74 0.0000005050
75 0.0000004940
76 0.0000004830
77 0.0000004950
78 0.0000004890
79 0.0000005340
80 0.0000004700
81 0.0000005090
82 0.0000004920
83 0.0000004790
84 0.0000004740
85 0.0000004740
86 0.0000005080
87 0.0000005060
88 0.0000004750
89 0.0000004850
90 0.0000005030
91 0.0000004820
92 0.0000004740
93 0.0000005030
94 0.0000004930
95 0.0000004930
96 0.0000005290
97 0.0000004920
98 0.0000005640
99 0.0000004930
100 0.0000005830
101 0.0000004590
102 0.0000004920
103 0.0000004880
104 0.0000005070
105 0.0000004670
106 0.0000004880
107 0.0000004840
108 0.0000004790
109 0.0000004850
110 0.0000004750
111 0.0000004690
112 0.0000004890
113 0.0000004870
114 0.0000004710
115 0.0000004810
116 0.0000004630
117 0.0000004840
118 0.0000004720
119 0.0000004920
120 0.0000004800
121 0.0000004780
122 0.0000004750
123 0.0000004630
124 0.0000004700
125 0.0000004830
126 0.0000004750
127 0.0000004830
128 0.0000004770
129 0.0000006040
130 0.0000005000
131 0.0000004940
132 0.0000005040
133 0.0000005530
134 0.0000004930
135 0.0000004800
136 0.0000004860
137 0.0000005000
138 0.0000004980
139 0.0000005020
140 0.0000004920
141 0.0000005040
142 0.0000005530
143 0.0000005030
144 0.0000006330
145 0.0000005370
146 0.0000006010
147 0.0000005220
148 0.0000005100
149 0.0000005200
150 0.0000005290
151 0.0000005120
152 0.0000005580
153 0.0000005370
154 0.0000005530
155 0.0000005190
156 0.0000005320
157 0.0000005860
158 0.0000005610
159 0.0000005500
160 0.0000005500
161 0.0000005410
162 0.0000005640
163 0.0000005360
164 0.0000005720
165 0.0000005530
166 0.0000005620
167 0.0000005570
168 0.0000005570
169 0.0000006040
170 0.0000005690
171 0.0000005790
172 0.0000005800
173 0.0000005930
174 0.0000006140
175 0.0000005940
176 0.0000006040
177 0.0000005980
178 0.0000006210
179 0.0000006070
180 0.0000006330
181 0.0000006400
182 0.0000006910
183 0.0000005920
184 0.0000006680
185 0.0000006440
186 0.0000007030
187 0.0000006540
188 0.0000006730
189 0.0000006610
190 0.0000007520
191 0.0000007320
192 0.0000007160
193 0.0000006310
194 0.0000006600
195 0.0000007320
196 0.0000007180
197 0.0000007660
198 0.0000007210
199 0.0000006850
200 0.0000007130
201 0.0000006400
202 0.0000007140
203 0.0000007330
204 0.0000007300
205 0.0000006230
206 0.0000007270
207 0.0000007500
208 0.0000007400
209 0.0000007370
210 0.0000007630
211 0.0000007380
212 0.0000007770
213 0.0000008040
214 0.0000007610
215 0.0000008320
216 0.0000008360
217 0.0000007550
218 0.0000007770
219 0.0000007670
220 0.0000007790
221 0.0000007770
222 0.0000007640
223 0.0000008730
224 0.0000007700
225 0.0000007770
226 0.0000007940
227 0.0000008020
228 0.0000008030
229 0.0000008460
230 0.0000008960
231 0.0000008650
232 0.0000008340
233 0.0000008440
234 0.0000008660
235 0.0000008470
236 0.0000008350
237 0.0000008450
238 0.0000008610
239 0.0000008700
240 0.0000008570
241 0.0000008110
242 0.0000008190
243 0.0000010940
244 0.0000008950
245 0.0000008520
246 0.0000008790
247 0.0000008690
248 0.0000008850
249 0.0000009690
250 0.0000008910
251 0.0000008990
252 0.0000009000
253 0.0000008470
254 0.0000008580
255 0.0000009030
256 0.0000009280
257 0.0000010390
258 0.0000009380
259 0.0000008910
260 0.0000009520
261 0.0000010420
262 0.0000009230
263 0.0000009320
264 0.0000009340
265 0.0000009660
266 0.0000009540
267 0.0000009970
268 0.0000009570
269 0.0000010120
270 0.0000009720
271 0.0000009760
272 0.0000009800
273 0.0000009570
274 0.0000009770
275 0.0000009100
276 0.0000009560
277 0.0000009330
278 0.0000009050
279 0.0000009100
280 0.0000009130
281 0.0000009780
282 0.0000008960
283 0.0000009230
284 0.0000008590
285 0.0000008790
286 0.0000008810
287 0.0000008790
288 0.0000008920
289 0.0000009100
290 0.0000009070
291 0.0000009140
292 0.0000009400
293 0.0000009260
294 0.0000009130
295 0.0000009070
296 0.0000009220
297 0.0000009400
298 0.0000009070
299 0.0000009650
300 0.0000009690
301 0.0000010280
302 0.0000009630
303 0.0000009900
304 0.0000009530
305 0.0000009790
306 0.0000009720
307 0.0000009950
308 0.0000010180
309 0.0000010240
310 0.0000010360
311 0.0000010190
312 0.0000010220
313 0.0000010460
314 0.0000010180
315 0.0000010630
316 0.0000010010
317 0.0000010330
318 0.0000009980
319 0.0000010050
320 0.0000010130
321 0.0000009910
322 0.0000009690
323 0.0000009770
324 0.0000009920
325 0.0000010720
326 0.0000009950
327 0.0000009610
328 0.0000009580
329 0.0000009610
330 0.0000009540
331 0.0000009580
332 0.0000009590
333 0.0000009800
334 0.0000009760
335 0.0000009810
336 0.0000010000
337 0.0000010300
338 0.0000010180
339 0.0000010070
340 0.0000010230
341 0.0000010160
342 0.0000010370
343 0.0000010510
344 0.0000010110
345 0.0000010240
346 0.0000009930
347 0.0000010140
348 0.0000010180
349 0.0000010120
350 0.0000010680
351 0.0000010150
352 0.0000010090
353 0.0000009710
354 0.0000009800
355 0.0000010030
356 0.0000009900
357 0.0000009900
358 0.0000010020
359 0.0000010000
360 0.0000010050
361 0.0000010310
362 0.0000010030
363 0.0000010280
364 0.0000010180
365 0.0000010110
366 0.0000010020
367 0.0000010270
368 0.0000010030
369 0.0000009860
370 0.0000010400
371 0.0000009980
372 0.0000010020
373 0.0000010030
374 0.0000010030
375 0.0000010160
376 0.0000010220
377 0.0000009990
378 0.0000010260
379 0.0000010020
380 0.0000010290
381 0.0000010390
382 0.0000010250
383 0.0000010060
384 0.0000010080
385 0.0000010380
386 0.0000010270
387 0.0000010600
388 0.0000010310
389 0.0000010390
390 0.0000010580
391 0.0000010290
392 0.0000010560
393 0.0000010520
394 0.0000010410
395 0.0000010330
396 0.0000010610
397 0.0000010490
398 0.0000010290
399 0.0000010670
400 0.0000010900
401 0.0000010370
402 0.0000010440
403 0.0000010520
404 0.0000010170
405 0.0000012560
406 0.0000010710
407 0.0000010910
408 0.0000010610
409 0.0000010900
410 0.0000012250
411 0.0000011060
412 0.0000011260
413 0.0000010750
414 0.0000011540
415 0.0000011590
416 0.0000010670
417 0.0000010780
418 0.0000010790
419 0.0000011070
420 0.0000011040
421 0.0000011140
422 0.0000010870
423 0.0000011160
424 0.0000011100
425 0.0000011050
426 0.0000010960
427 0.0000011250
428 0.0000011090
429 0.0000011250
430 0.0000011070
431 0.0000011410
432 0.0000011280
433 0.0000011320
434 0.0000011420
435 0.0000011270
436 0.0000010930
437 0.0000011010
438 0.0000011020
439 0.0000011050
440 0.0000011600
441 0.0000011210
442 0.0000011170
443 0.0000011400
444 0.0000011360
445 0.0000011840
446 0.0000011250
447 0.0000011290
448 0.0000011620
449 0.0000011340
450 0.0000011200
451 0.0000011330
452 0.0000011990
453 0.0000011630
454 0.0000011350
455 0.0000011550
456 0.0000011750
457 0.0000012260
458 0.0000011870
459 0.0000012190
460 0.0000012260
461 0.0000012890
462 0.0000012450
463 0.0000012680
464 0.0000012250
465 0.0000012230
466 0.0000012500
467 0.0000012890
468 0.0000012540
469 0.0000012430
470 0.0000012420
471 0.0000012360
472 0.0000012420
473 0.0000012300
474 0.0000011950
475 0.0000012360
476 0.0000012360
477 0.0000012510
478 0.0000012190
479 0.0000012530
480 0.0000012210
481 0.0000012870
482 0.0000012430
483 0.0000012310
484 0.0000012510
485 0.0000013090
486 0.0000013450
487 0.0000013570
488 0.0000013250
489 0.0000013710
490 0.0000013830
491 0.0000012970
492 0.0000013230
493 0.0000012790
494 0.0000013040
495 0.0000013160
496 0.0000013160
497 0.0000012590
498 0.0000012930
499 0.0000012860
500 0.0000013070
501 0.0000012740
502 0.0000012330
503 0.0000012380
504 0.0000013850
505 0.0000012320
506 0.0000012430
507 0.0000012070
508 0.0000012240
509 0.0000012170
510 0.0000012140
511 0.0000012020
512 0.0000011830
513 0.0000012610
514 0.0000012430
515 0.0000012240
516 0.0000012310
517 0.0000011830
518 0.0000012230
519 0.0000012100
520 0.0000012050
521 0.0000011870
522 0.0000011860
523 0.0000011950
524 0.0000011830
525 0.0000012070
526 0.0000012150
527 0.0000011820
528 0.0000011910
529 0.0000012210
530 0.0000011900
531 0.0000012340
532 0.0000012070
533 0.0000012190
534 0.0000011900
535 0.0000012490
536 0.0000011810
537 0.0000012660
538 0.0000012000
539 0.0000012190
540 0.0000012220
541 0.0000012340
542 0.0000012200
543 0.0000012290
544 0.0000011860
545 0.0000012400
546 0.0000012260
547 0.0000012340
548 0.0000012240
549 0.0000012620
550 0.0000012380
551 0.0000012240
552 0.0000012860
553 0.0000012480
554 0.0000012370
555 0.0000012590
556 0.0000012230
557 0.0000012130
558 0.0000012620
559 0.0000012610
560 0.0000012440
561 0.0000012640
562 0.0000012760
563 0.0000012450
564 0.0000012670
565 0.0000012910
566 0.0000012570
567 0.0000012480
568 0.0000012750
569 0.0000012560
570 0.0000012890
571 0.0000012900
572 0.0000012810
573 0.0000012870
574 0.0000012680
575 0.0000012660
576 0.0000013370
577 0.0000012940
578 0.0000012640
579 0.0000013170
580 0.0000013440
581 0.0000013190
582 0.0000013190
583 0.0000013300
584 0.0000013420
585 0.0000013510
586 0.0000013690
587 0.0000013340
588 0.0000013280
589 0.0000013440
590 0.0000013290
591 0.0000013900
592 0.0000013220
593 0.0000012750
594 0.0000013150
595 0.0000012520
596 0.0000013320
597 0.0000012910
598 0.0000013070
599 0.0000013550
600 0.0000013090
601 0.0000014640
602 0.0000012930
603 0.0000013290
604 0.0000013100
605 0.0000013210
606 0.0000012780
607 0.0000012810
608 0.0000012500
609 0.0000013380
610 0.0000012720
611 0.0000012800
612 0.0000013080
613 0.0000013670
614 0.0000012950
615 0.0000013090
616 0.0000013540
617 0.0000013140
618 0.0000012970
619 0.0000013120
620 0.0000012430
621 0.0000012590
622 0.0000012740
623 0.0000012610
624 0.0000013110
625 0.0000013100
626 0.0000012650
627 0.0000012920
628 0.0000012690
629 0.0000012990
630 0.0000012830
631 0.0000012920
632 0.0000013530
633 0.0000012540
634 0.0000012420
635 0.0000012660
636 0.0000012980
637 0.0000012750
638 0.0000013060
639 0.0000013020
640 0.0000013330
641 0.0000012590
642 0.0000012910
643 0.0000013220
644 0.0000012840
645 0.0000012660
646 0.0000012800
647 0.0000013620
648 0.0000012740
649 0.0000012960
650 0.0000013080
651 0.0000012900
652 0.0000012900
653 0.0000012860
654 0.0000013100
655 0.0000012820
656 0.0000012880
657 0.0000013130
658 0.0000012980
659 0.0000013170
660 0.0000013380
661 0.0000013470
662 0.0000013560
663 0.0000013290
664 0.0000013650
665 0.0000013330
666 0.0000013100
667 0.0000014280
668 0.0000013580
669 0.0000013830
670 0.0000013830
671 0.0000013380
672 0.0000013350
673 0.0000013520
674 0.0000013380
675 0.0000013140
676 0.0000013310
677 0.0000013470
678 0.0000013370
679 0.0000013650
680 0.0000013040
681 0.0000013250
682 0.0000013560
683 0.0000014010
684 0.0000013410
685 0.0000013410
686 0.0000013700
687 0.0000013790
688 0.0000014060
689 0.0000014100
690 0.0000013930
691 0.0000014430
692 0.0000013680
693 0.0000014180
694 0.0000014710
695 0.0000013890
696 0.0000014090
697 0.0000014740
698 0.0000013940
699 0.0000013560
700 0.0000013130
701 0.0000014100
702 0.0000014360
703 0.0000014510
704 0.0000014220
705 0.0000014210
706 0.0000014370
707 0.0000013970
708 0.0000014170
709 0.0000014500
710 0.0000014290
711 0.0000014340
712 0.0000014260
713 0.0000014630
714 0.0000015060
715 0.0000014480
716 0.0000014810
717 0.0000016140
718 0.0000014220
719 0.0000014790
720 0.0000014580
721 0.0000014750
722 0.0000014530
723 0.0000014560
724 0.0000014590
725 0.0000014370
726 0.0000014340
727 0.0000014240
728 0.0000015280
729 0.0000014800
730 0.0000014500
731 0.0000014560
732 0.0000014900
733 0.0000015240
734 0.0000014930
735 0.0000015250
736 0.0000015320
737 0.0000015350
738 0.0000015260
739 0.0000015620
740 0.0000014880
741 0.0000014710
742 0.0000014730
743 0.0000014680
744 0.0000014920
745 0.0000014710
746 0.0000015330
747 0.0000015170
748 0.0000015070
749 0.0000015380
750 0.0000015370
751 0.0000015210
752 0.0000015020
753 0.0000016500
754 0.0000015140
755 0.0000015110
756 0.0000016180
757 0.0000015350
758 0.0000015070
759 0.0000015140
760 0.0000015400
761 0.0000015170
762 0.0000015040
763 0.0000015540
764 0.0000015240
765 0.0000015290
766 0.0000015110
767 0.0000017070
768 0.0000015100
769 0.0000014980
770 0.0000015660
771 0.0000015140
772 0.0000015090
773 0.0000015300
774 0.0000016030
775 0.0000015030
776 0.0000015270
777 0.0000015720
778 0.0000015080
779 0.0000015140
780 0.0000015500
781 0.0000015370
782 0.0000015530
783 0.0000015350
784 0.0000015320
785 0.0000015270
786 0.0000015030
787 0.0000015310
788 0.0000015670
789 0.0000015860
790 0.0000016430
791 0.0000016120
792 0.0000016020
793 0.0000016180
794 0.0000015790
795 0.0000017140
796 0.0000016590
797 0.0000016410
798 0.0000016140
799 0.0000015790
800 0.0000016100
801 0.0000016170
802 0.0000015660
803 0.0000015830
804 0.0000016290
805 0.0000016100
806 0.0000017020
807 0.0000015970
808 0.0000016600
809 0.0000015960
810 0.0000016220
811 0.0000016260
812 0.0000016220
813 0.0000016030
814 0.0000016100
815 0.0000016600
816 0.0000016090
817 0.0000015890
818 0.0000015890
819 0.0000016050
820 0.0000016050
821 0.0000016570
822 0.0000015910
823 0.0000016140
824 0.0000016000
825 0.0000016100
826 0.0000015950
827 0.0000015970
828 0.0000016060
829 0.0000016340
830 0.0000016380
831 0.0000016190
832 0.0000016320
833 0.0000016270
834 0.0000015880
835 0.0000016120
836 0.0000016110
837 0.0000016070
838 0.0000016070
839 0.0000016940
840 0.0000016830
841 0.0000016400
842 0.0000016340
843 0.0000016630
844 0.0000016190
845 0.0000016450
846 0.0000016620
847 0.0000016710
848 0.0000016640
849 0.0000017420
850 0.0000016810
851 0.0000017050
852 0.0000016880
853 0.0000016770
854 0.0000016430
855 0.0000019000
856 0.0000016930
857 0.0000017160
858 0.0000016440
859 0.0000016660
860 0.0000016920
861 0.0000016950
862 0.0000017570
863 0.0000016850
864 0.0000016870
865 0.0000016950
866 0.0000016620
867 0.0000016880
868 0.0000016570
869 0.0000016750
870 0.0000017030
871 0.0000016870
872 0.0000016950
873 0.0000016940
874 0.0000016750
875 0.0000016780
876 0.0000017070
877 0.0000016880
878 0.0000016920
879 0.0000016840
880 0.0000016900
881 0.0000017630
882 0.0000017610
883 0.0000017270
884 0.0000017760
885 0.0000019770
886 0.0000017360
887 0.0000017950
888 0.0000017060
889 0.0000017540
890 0.0000017440
891 0.0000017640
892 0.0000017840
893 0.0000017490
894 0.0000017390
895 0.0000017270
896 0.0000017480
897 0.0000017550
898 0.0000017570
899 0.0000017150
900 0.0000018040
901 0.0000017670
902 0.0000017440
903 0.0000018620
904 0.0000017660
905 0.0000017280
906 0.0000017250
907 0.0000017320
908 0.0000017430
909 0.0000017330
910 0.0000017430
911 0.0000017410
912 0.0000017440
913 0.0000018110
914 0.0000017800
915 0.0000017440
916 0.0000017430
917 0.0000017670
918 0.0000018730
919 0.0000017760
920 0.0000017920
921 0.0000017460
922 0.0000017410
923 0.0000017560
924 0.0000017650
925 0.0000017570
926 0.0000017800
927 0.0000017880
928 0.0000018020
929 0.0000018470
930 0.0000018090
931 0.0000018540
932 0.0000018340
933 0.0000019840
934 0.0000018380
935 0.0000018310
936 0.0000018400
937 0.0000018340
938 0.0000018350
939 0.0000018310
940 0.0000018500
941 0.0000018410
942 0.0000020390
943 0.0000018530
944 0.0000018500
945 0.0000018530
946 0.0000018860
947 0.0000018490
948 0.0000018750
949 0.0000018480
950 0.0000018160
951 0.0000018320
952 0.0000018310
953 0.0000018390
954 0.0000018710
955 0.0000018580
956 0.0000018880
957 0.0000018810
958 0.0000019000
959 0.0000019250
960 0.0000019810
961 0.0000019100
962 0.0000018920
963 0.0000019130
964 0.0000019630
965 0.0000018910
966 0.0000019070
967 0.0000018850
968 0.0000019210
969 0.0000019000
970 0.0000018960
971 0.0000019030
972 0.0000019200
973 0.0000019200
974 0.0000019500
975 0.0000019470
976 0.0000019260
977 0.0000018990
978 0.0000019240
979 0.0000019020
980 0.0000018980
981 0.0000019240
982 0.0000018920
983 0.0000018850
984 0.0000019100
985 0.0000018480
986 0.0000018820
987 0.0000018960
988 0.0000019050
989 0.0000018930
990 0.0000019080
991 0.0000019360
992 0.0000019430
993 0.0000019120
994 0.0000019100
995 0.0000019600
996 0.0000019660
997 0.0000019090
998 0.0000018900
999 0.0000019290
1000 0.0000019210
