1 0.0000014420
2 0.0000070500
3 0.0000153400
4 0.0000214590
5 0.0000253320
6 0.0000270090
7 0.0000281230
8 0.0000290480
9 0.0000299520
10 0.0000313500
11 0.0000338530
12 0.0000353340
13 0.0000370440
14 0.0000391940
15 0.0000422590
16 0.0000446390
17 0.0000473530
18 0.0000506540
19 0.0000526180
20 0.0000562650
21 0.0000584560
22 0.0000602830
23 0.0000650300
24 0.0000665150
25 0.0000681550
26 0.0000715900
27 0.0000753860
28 0.0000789520
29 0.0000820630
30 0.0000838020
31 0.0000874660
32 0.0000889580
33 0.0000917180
34 0.0000926710
35 0.0000944720
36 0.0001062640
37 0.0001127000
38 0.0001103710
39 0.0001130730
40 0.0001135060
41 0.0001179360
42 0.0001235510
43 0.0001292650
44 0.0001363790
45 0.0001449730
46 0.0001446020
47 0.0001491240
48 0.0001538710
49 0.0001508040
50 0.0001588290
51 0.0001615670
52 0.0001671100
53 0.0001729280
54 0.0001768280
55 0.0001820640
56 0.0001958780
57 0.0001934130
58 0.0001816450
59 0.0001833650
60 0.0001977090
61 0.0002025820
62 0.0001969710
63 0.0002017200
64 0.0002050320
65 0.0002095280
66 0.0002130360
67 0.0002149790
68 0.0002181070
69 0.0002146900
70 0.0002195970
71 0.0002206890
72 0.0002283110
73 0.0002362310
74 0.0002383640
75 0.0002420950
76 0.0002465750
77 0.0002570930
78 0.0002532250
79 0.0002558880
80 0.0002603510
81 0.0002605480
82 0.0002560650
83 0.0002692040
84 0.0002702000
85 0.0002643010
86 0.0002793090
87 0.0002725730
88 0.0002777140
89 0.0002856270
90 0.0002878570
91 0.0002912730
92 0.0002987310
93 0.0003060790
94 0.0002950020
95 0.0003023660
96 0.0003057120
97 0.0003203600
98 0.0003218020
99 0.0003192140
100 0.0003243720
101 0.0003341820
102 0.0003257560
103 0.0003338850
104 0.0003393640
105 0.0003373010
106 0.0003470930
107 0.0003459810
108 0.0003478220
109 0.0003545610
110 0.0003744860
111 0.0003705320
112 0.0003537560
113 0.0003922870
114 0.0004519740
115 0.0003767020
116 0.0003669060
117 0.0003739600
118 0.0003732340
119 0.0003792610
120 0.0003903860
121 0.0003859290
122 0.0003824700
123 0.0003849060
124 0.0003944420
125 0.0004074160
126 0.0004013420
127 0.0004129250
128 0.0004050580
129 0.0004067650
130 0.0004226320
131 0.0004113140
132 0.0004292860
133 0.0004292960
134 0.0004351240
135 0.0004353480
136 0.0004274870
137 0.0004310860
138 0.0004414640
139 0.0004390680
140 0.0004443350
141 0.0004451710
142 0.0004526040
143 0.0004494600
144 0.0004435970
145 0.0004611280
146 0.0004689840
147 0.0004716890
148 0.0004791650
149 0.0004849460
150 0.0004831970
151 0.0004747590
152 0.0004825030
153 0.0004844990
154 0.0004921290
155 0.0004958080
156 0.0004997890
157 0.0005207470
158 0.0005171720
159 0.0005245650
160 0.0005470550
161 0.0005380370
162 0.0005403550
163 0.0005280490
